2 0.678125 0.43671875 0.01953125 0.03203125
2 0.6515625 0.43828125 0.0359375 0.05390625
4 0.17157827187500002 0.66986703125 0.1672051859375 0.650874771875 0.1244457125 0.6456950234375001 0 0.7130313562499999 0.2532099859375 0.73375029375 0.277505125 0.70612504375 0.1730360203125 0.68367965625 0.17157827187500002 0.66986703125
4 0 0.6931757296875001 0.1254175453125 0.6361988375000001 0.15019853593750002 0.6189331421875 0.1570012015625 0.607710446875 0.1565153171875 0.5921712593749999 0.15845891875 0.5800852546875 0.164289753125 0.5628195015624999 0.1487408828125 0.559366346875 0 0.607710446875 0 0.6931757296875001
4 0.473323946875 0.49202998593749997 0.40529747031249996 0.5162020218750001 0.40578345000000005 0.5222450234375 0.4082129671875 0.5308779 0.3980089828125 0.535194309375 0.40481168125 0.542963903125 0.409670715625 0.55332334375 0.41695920312499996 0.5628195015624999 0.41890286718749997 0.57749538125 0.42084646875000004 0.58612825625 0.4313050234375 0.5889922140625 0.5389208421875 0.5041160171875 0.5865392859375 0.47562754218750003 0.5345476609375 0.473900978125 0.473323946875 0.49202998593749997
4 0.41550151875 0.49202998593749997 0.40869882031250004 0.4928932671875 0.3980089828125 0.50152614375 0.403353934375 0.512748865625 0.5102525546875001 0.47562754218750003 0.44745085625 0.47510332499999997 0.4237618375 0.48426044687500003 0.41938872031249996 0.49202998593749997 0.41550151875 0.49202998593749997
5 0.15244536875 0.6431404421875 0.160947328125 0.6777076328125 0.1913113421875 0.6885099078125 0.21620980312500002 0.6820285859374999 0.228355425 0.6679856859375 0.278759684375 0.66690543125 0.30487274062499997 0.6733867515624999 0.3127673625 0.684189096875 0.3352367546875 0.690670346875 0.34920422812499996 0.684189096875 0.3583134453125 0.65070201875 0.3613498109375 0.6193754546875 0.34434593125 0.5491606765625 0.33462945781250003 0.5189144359375 0.3224838765625 0.5048715015624999 0.3091237390625 0.4811065140625 0.301836375 0.4541009 0.26600680625 0.44545906718749995 0.26479225156249997 0.46490313906249997 0.2799742796875 0.5524014421875 0.28726164375 0.6064127390625 0.26600680625 0.62045578125 0.2441446703125 0.605332484375 0.25264662968749996 0.555642209375 0.2253190203125 0.5264760140625 0.201027815625 0.503791246875 0.1512308140625 0.49947036406249995 0.15244536875 0.5394387984375 0.153052665625 0.5912895859375 0.15244536875 0.6431404421875
5 0.3552770390625 0.5491606765625 0.363778959375 0.578326871875 0.372280878125 0.6085731812499999 0.380782796875 0.6236963359375001 0.392321121875 0.6355789359374999 0.414790515625 0.6334184234375 0.42147062343749997 0.6215358234374999 0.427543434375 0.59453028125 0.411754109375 0.5588827640625 0.4123613671875 0.5448398640625001 0.40750315 0.5243156078125 0.400215784375 0.5070319421875 0.3904993109375 0.49406926406249996 0.37896094687500004 0.471384496875 0.3741027296875 0.448699728125 0.36438625625 0.42709521562499997 0.3334021171875 0.43762915625 0.34738237656250004 0.49947036406249995 0.35224063437500003 0.527556234375 0.3552770390625 0.5491606765625
5 0.12268865 0.527556234375 0.13908523125 0.54159916875 0.15001625937500002 0.5394387984375 0.1518381109375 0.5286364546875 0.15426721875 0.5070319421875 0.1560890703125 0.487587871875 0.14576530000000001 0.46058222187500003 0.1360488265625 0.4238545203125 0.111150325 0.4281754359375 0.1147939875 0.46922402031250005 0.1172231359375 0.49730988906249995 0.12268865 0.527556234375
5 0 0.575086175 0.00062529375 0.5869687031249999 0.014592746875000001 0.5815675671875 0.023701943750000003 0.5718455484375 0.036454821875 0.5729256640625 0.055887809375 0.5740059890625 0.07653533125 0.588048959375 0.087466378125 0.5858884484375 0.0959682984375 0.57616643125 0.0959682984375 0.55996301875 0.09475374375 0.53619803125 0.0941464859375 0.5156738109375001 0.08989548750000001 0.49839014375 0.0813935671875 0.47786585312499996 0.074106221875 0.4595020015625 0.0698552421875 0.43681723437500003 0.0619606 0.42709521562499997 0.033271909375 0.42836989687499993 0.040098504687499995 0.4584218171875 0.0431349109375 0.4789460734375 0.04860044375 0.49406926406249996 0.051029553125 0.5070319421875 0.0437421875 0.53619803125 0.0285601796875 0.5372782875000001 0.02248736875 0.5189144359375 0.0176291328125 0.49622966875 0.00426895625 0.4735449359375 0 0.47462515625 0 0.5135133 0 0.575086175
7 0.41796875 0.4704861109375 0.416015625 0.42881944375 0.408203125 0.4114583328125 0.40234375 0.390625 0.3857421875 0.3611111109375 0.3740234375 0.34722222187499996 0.3623046875 0.34027777812500004 0.3330078125 0.33680555624999997 0.333984375 0.3177083328125 0.3310546875 0.3125 0.2939453125 0.30902777812500004 0.2919921875 0.30555555624999997 0.1474609375 0.30555555624999997 0.142578125 0.3107638890625 0.142578125 0.32118055624999997 0.140625 0.32465277812500004 0.140625 0.38715277812500004 0.146484375 0.4114583328125 0.14453125 0.41840277812500004 0.146484375 0.421875 0.146484375 0.453125 0.1513671875 0.46527777812500004 0.1630859375 0.46875 0.171875 0.45659722187499996 0.173828125 0.4045138890625 0.177734375 0.39756944375000003 0.17578125 0.39409722187499996 0.1796875 0.390625 0.181640625 0.3767361109375 0.1884765625 0.36805555624999997 0.1962890625 0.36805555624999997 0.203125 0.3767361109375 0.203125 0.41493055625 0.2060546875 0.4201388890625 0.220703125 0.39756944375000003 0.21875 0.38715277812500004 0.21875 0.36284722187499996 0.2236328125 0.35069444375000003 0.2333984375 0.34375 0.2548828125 0.35069444375000003 0.259765625 0.359375 0.26171875 0.3697916671875 0.255859375 0.3802083328125 0.251953125 0.41493055625 0.2568359375 0.4201388890625 0.2646484375 0.4201388890625 0.2724609375 0.43055555625 0.2734375 0.421875 0.294921875 0.390625 0.294921875 0.35590277812500004 0.296875 0.3454861109375 0.3037109375 0.33680555624999997 0.3232421875 0.33680555624999997 0.322265625 0.3420138890625 0.330078125 0.35243055624999997 0.33203125 0.36631944375000003 0.326171875 0.3802083328125 0.328125 0.39756944375000003 0.3232421875 0.39930555624999997 0.3203125 0.4045138890625 0.3203125 0.41493055625 0.3271484375 0.4166666671875 0.33203125 0.4045138890625 0.330078125 0.4010416671875 0.3330078125 0.39930555624999997 0.333984375 0.4045138890625 0.34375 0.41840277812500004 0.3466796875 0.43402777812500004 0.3603515625 0.43055555625 0.373046875 0.44965277812500004 0.373046875 0.4635416671875 0.3857421875 0.49652777812500004 0.3916015625 0.49652777812500004 0.3935546875 0.5 0.40625 0.4982638890625 0.4130859375 0.49652777812500004 0.419921875 0.484375 0.419921875 0.4739583328125 0.41796875 0.4704861109375
1 0.833984375 0.3802083328125 0.83203125 0.3767361109375 0.83203125 0.359375 0.8291015625 0.3541666671875 0.7939453125 0.3541666671875 0.7919921875 0.35069444375000003 0.7705078125 0.3541666671875 0.7568359375 0.36805555624999997 0.7490234375 0.36805555624999997 0.744140625 0.3732638890625 0.7421875 0.3802083328125 0.7421875 0.44618055625 0.7490234375 0.46180555625 0.7548828125 0.46527777812500004 0.7646484375 0.4583333328125 0.7705078125 0.46527777812500004 0.7763671875 0.46180555625 0.7939453125 0.46527777812500004 0.7998046875 0.4583333328125 0.8017578125 0.46180555625 0.8115234375 0.46180555625 0.818359375 0.4670138890625 0.8232421875 0.4583333328125 0.8310546875 0.4548611109375 0.833984375 0.44965277812500004 0.833984375 0.3802083328125
2 0.9638671875 0.40972222187499996 0.9619140625 0.40625 0.9404296875 0.40625 0.9384765625 0.40972222187499996 0.9345703125 0.40625 0.9287109375 0.40972222187499996 0.916015625 0.4392361109375 0.916015625 0.46006944375 0.9189453125 0.46527777812500004 0.9228515625 0.46180555625 0.9365234375 0.46180555625 0.9384765625 0.46527777812500004 0.9599609375 0.46180555625 0.9697265625 0.46875 0.9765625 0.4670138890625 0.982421875 0.46006944375 0.982421875 0.41493055625 0.9794921875 0.40972222187499996 0.9638671875 0.40972222187499996