2 0.67734375 0.43671875 0.02109375 0.03203125
2 0.6515625 0.4390625 0.03671875 0.0546875
4 0.188584890625 0.6741834140625 0.1851835421875 0.6526013359375 0.1205585109375 0.6456950234375001 0 0.7113047359375 0.000055023437500000005 0.71862184375 0.2478650046875 0.7320236171875 0.277991009375 0.7069883546875 0.1949016421875 0.6845429109375 0.188584890625 0.6741834140625
4 0 0.690844065625 0.1667192703125 0.6189331421875 0.1730360203125 0.607710446875 0.1730360203125 0.5930345406249999 0.17595142187499999 0.578358634375 0.1793527390625 0.5654093484375 0.1720641890625 0.5628195015624999 0.15117036718750002 0.5567765 0 0.6051205734375 0 0.690844065625
4 0.41695920312499996 0.537784184375 0.423275921875 0.5472803421875 0.43396575937500004 0.5567765 0.43979668906249997 0.5688625046875 0.45388787500000005 0.5697257859375 0.5214283078124999 0.51706533125 0.5841097703125 0.4747642890625 0.5379489468750001 0.4721744140625 0.421332384375 0.5118855828125 0.427649103125 0.5231083328125 0.4242477546875 0.5317411812499999 0.41695920312499996 0.537784184375
4 0.42230415312499997 0.4937565765625 0.4130720015625 0.49720973281249997 0.42084646875000004 0.50584258125 0.4470851765625 0.49807298749999995 0.51754110625 0.47649082500000006 0.4589091890625 0.477881103125 0.4266772078125 0.4833971375 0.42910678906250005 0.4885768578125 0.42230415312499997 0.4937565765625
5 0.166412840625 0.563203715625 0.18159478906249998 0.563203715625 0.18159478906249998 0.5491606765625 0.17552201875 0.529716675 0.1743074640625 0.51459351875 0.1809876109375 0.49622966875 0.196169559375 0.49406926406249996 0.1985987078125 0.4951494484375 0.194954965625 0.476785596875 0.18236045 0.4700365640625 0.163376396875 0.4811065140625 0.15851817968749998 0.5243156078125 0.1597327328125 0.5502410015625 0.166412840625 0.563203715625
7 0.421875 0.4322916671875 0.419921875 0.421875 0.4140625 0.4114583328125 0.4140625 0.4045138890625 0.404296875 0.390625 0.4033203125 0.38194444375000003 0.3857421875 0.3541666671875 0.3798828125 0.34722222187499996 0.3759765625 0.34722222187499996 0.3720703125 0.33680555624999997 0.3701171875 0.34027777812500004 0.3681640625 0.33680555624999997 0.3603515625 0.33680555624999997 0.3544921875 0.34375 0.353515625 0.35243055624999997 0.3544921875 0.3541666671875 0.3564453125 0.34722222187499996 0.359375 0.35590277812500004 0.3564453125 0.3611111109375 0.3515625 0.36284722187499996 0.349609375 0.38368055624999997 0.345703125 0.390625 0.34375 0.41493055625 0.3486328125 0.4166666671875 0.349609375 0.4045138890625 0.3564453125 0.39930555624999997 0.3623046875 0.41319444375 0.3740234375 0.4166666671875 0.3759765625 0.4201388890625 0.37890625 0.41493055625 0.37890625 0.39756944375000003 0.3818359375 0.3958333328125 0.384765625 0.42534722187499996 0.3896484375 0.4270833328125 0.392578125 0.4322916671875 0.392578125 0.4392361109375 0.3955078125 0.4375 0.400390625 0.44965277812500004 0.3984375 0.4704861109375 0.4033203125 0.47569444375 0.4091796875 0.4895833328125 0.4150390625 0.49305555625 0.419921875 0.49131944375 0.423828125 0.484375 0.42578125 0.4704861109375 0.423828125 0.4670138890625 0.421875 0.4322916671875
7 0.18359375 0.4392361109375 0.181640625 0.42534722187499996 0.1875 0.4079861109375 0.189453125 0.38368055624999997 0.193359375 0.3697916671875 0.1982421875 0.3645833328125 0.2080078125 0.36805555624999997 0.21484375 0.3802083328125 0.21484375 0.4045138890625 0.2236328125 0.4236111109375 0.2294921875 0.4166666671875 0.23828125 0.39756944375000003 0.23828125 0.36284722187499996 0.2451171875 0.35069444375000003 0.2548828125 0.34375 0.2705078125 0.34722222187499996 0.28125 0.359375 0.28125 0.3697916671875 0.2734375 0.38368055624999997 0.271484375 0.41493055625 0.2744140625 0.4201388890625 0.2958984375 0.4201388890625 0.30859375 0.39756944375000003 0.306640625 0.38715277812500004 0.30859375 0.35243055624999997 0.3115234375 0.34722222187499996 0.3125 0.3489583328125 0.310546875 0.38715277812500004 0.3134765625 0.3923611109375 0.31640625 0.3454861109375 0.3251953125 0.33680555624999997 0.3349609375 0.33680555624999997 0.3388671875 0.34027777812500004 0.33984375 0.3177083328125 0.3369140625 0.3125 0.3095703125 0.30902777812500004 0.3076171875 0.30555555624999997 0.1552734375 0.30555555624999997 0.150390625 0.3142361109375 0.150390625 0.35243055624999997 0.15234375 0.35590277812500004 0.150390625 0.421875 0.15234375 0.42534722187499996 0.15234375 0.44965277812500004 0.154296875 0.45659722187499996 0.1611328125 0.47222222187499996 0.166015625 0.4704861109375 0.1767578125 0.46875 0.181640625 0.46006944375 0.181640625 0.4427083328125 0.18359375 0.4392361109375
2 0.9638671875 0.40972222187499996 0.9619140625 0.40625 0.9287109375 0.40972222187499996 0.916015625 0.4392361109375 0.916015625 0.46006944375 0.9189453125 0.46527777812500004 0.9228515625 0.46180555625 0.9365234375 0.46180555625 0.9384765625 0.46527777812500004 0.9599609375 0.46180555625 0.9697265625 0.46875 0.9765625 0.4670138890625 0.982421875 0.46006944375 0.982421875 0.41493055625 0.9794921875 0.40972222187499996 0.9638671875 0.40972222187499996
1 0.833984375 0.38368055624999997 0.83203125 0.3802083328125 0.83203125 0.359375 0.8291015625 0.3541666671875 0.7841796875 0.35069444375000003 0.7822265625 0.3541666671875 0.7724609375 0.3541666671875 0.7568359375 0.36805555624999997 0.7490234375 0.36805555624999997 0.744140625 0.3732638890625 0.7421875 0.3802083328125 0.7421875 0.421875 0.740234375 0.42881944375 0.7421875 0.4322916671875 0.7421875 0.44618055625 0.7490234375 0.46180555625 0.7607421875 0.46180555625 0.7646484375 0.4583333328125 0.7724609375 0.46527777812500004 0.7802734375 0.4583333328125 0.7861328125 0.46527777812500004 0.7939453125 0.46527777812500004 0.7998046875 0.4583333328125 0.8017578125 0.46180555625 0.8115234375 0.46180555625 0.8154296875 0.46875 0.8203125 0.4670138890625 0.8232421875 0.4583333328125 0.8310546875 0.4548611109375 0.833984375 0.44618055625 0.833984375 0.38368055624999997
5 0.435546875 0.5642361109375 0.4287109375 0.5520833328125 0.4208984375 0.5486111109375 0.416015625 0.5399305562500001 0.416015625 0.5364583328125 0.4228515625 0.53125 0.42578125 0.5225694437499999 0.4169921875 0.503472221875 0.4091796875 0.5 0.408203125 0.4947916671875 0.390625 0.4670138890625 0.396484375 0.44965277812500004 0.3798828125 0.43055555625 0.3759765625 0.4375 0.3681640625 0.44097222187499996 0.3671875 0.453125 0.375 0.484375 0.375 0.4982638890625 0.37109375 0.5052083328125 0.369140625 0.5329861109375 0.3720703125 0.5381944437499999 0.3779296875 0.53125 0.3818359375 0.534722221875 0.3828125 0.5572916671875 0.3798828125 0.565972221875 0.3740234375 0.5694444437499999 0.3681640625 0.565972221875 0.3662109375 0.5555555562500001 0.36328125 0.5572916671875 0.36328125 0.5677083328125 0.361328125 0.5711805562500001 0.365234375 0.578125 0.369140625 0.5954861109375 0.3671875 0.605902778125 0.3720703125 0.6145833328125 0.3779296875 0.6145833328125 0.3896484375 0.6076388890625 0.3935546875 0.6006944437499999 0.3974609375 0.6006944437499999 0.40234375 0.6197916671875 0.4111328125 0.6319444437499999 0.427734375 0.6302083328125 0.4306640625 0.628472221875 0.439453125 0.609375 0.439453125 0.5850694437499999 0.435546875 0.5642361109375
5 0.365234375 0.605902778125 0.3671875 0.6024305562500001 0.3671875 0.5920138890625 0.359375 0.5677083328125 0.3359375 0.519097221875 0.328125 0.5086805562500001 0.326171875 0.4982638890625 0.322265625 0.4947916671875 0.322265625 0.48784722187499996 0.326171875 0.484375 0.326171875 0.4739583328125 0.3115234375 0.4513888890625 0.2998046875 0.4513888890625 0.2958984375 0.4548611109375 0.294921875 0.4670138890625 0.291015625 0.4704861109375 0.294921875 0.47743055625 0.296875 0.4947916671875 0.30078125 0.5017361109375 0.298828125 0.5052083328125 0.296875 0.546875 0.2890625 0.5607638890625 0.287109375 0.578125 0.28125 0.5989583328125 0.28125 0.609375 0.2890625 0.6163194437499999 0.2861328125 0.628472221875 0.2744140625 0.628472221875 0.263671875 0.612847221875 0.2626953125 0.6041666671875 0.259765625 0.605902778125 0.259765625 0.5989583328125 0.263671875 0.5954861109375 0.26171875 0.5885416671875 0.265625 0.581597221875 0.2646484375 0.5486111109375 0.2548828125 0.5451388890625 0.2470703125 0.534722221875 0.2275390625 0.53125 0.2236328125 0.5138888890625 0.2099609375 0.503472221875 0.1904296875 0.503472221875 0.177734375 0.5225694437499999 0.1796875 0.550347221875 0.18359375 0.5607638890625 0.177734375 0.581597221875 0.1796875 0.6024305562500001 0.171875 0.6163194437499999 0.171875 0.6267361109375 0.185546875 0.644097221875 0.189453125 0.6649305562500001 0.1962890625 0.6770833328125 0.2060546875 0.684027778125 0.2177734375 0.684027778125 0.2255859375 0.6770833328125 0.2294921875 0.6666666671875 0.2373046875 0.6666666671875 0.2490234375 0.659722221875 0.2509765625 0.6631944437499999 0.2529296875 0.659722221875 0.2587890625 0.659722221875 0.2607421875 0.6631944437499999 0.2919921875 0.6666666671875 0.2939453125 0.6701388890625 0.2958984375 0.6666666671875 0.3095703125 0.6666666671875 0.3212890625 0.65625 0.328125 0.671875 0.3408203125 0.690972221875 0.359375 0.6892361109375 0.37109375 0.671875 0.375 0.6545138890625 0.373046875 0.6267361109375 0.365234375 0.605902778125
5 0.154296875 0.4982638890625 0.158203125 0.48784722187499996 0.15625 0.47743055625 0.134765625 0.4427083328125 0.13671875 0.4392361109375 0.1357421875 0.43055555625 0.1298828125 0.4270833328125 0.1201171875 0.43055555625 0.1171875 0.4357638890625 0.1171875 0.4427083328125 0.12109375 0.44965277812500004 0.1171875 0.46006944375 0.1171875 0.48784722187499996 0.115234375 0.49131944375 0.1171875 0.5052083328125 0.111328125 0.5086805562500001 0.109375 0.5260416671875 0.1123046875 0.53125 0.1162109375 0.527777778125 0.1259765625 0.53125 0.1298828125 0.5243055562500001 0.1337890625 0.5243055562500001 0.1376953125 0.527777778125 0.1435546875 0.5416666671875 0.1474609375 0.5451388890625 0.154296875 0.543402778125 0.158203125 0.5364583328125 0.15625 0.5329861109375 0.158203125 0.5086805562500001 0.154296875 0.4982638890625
5 0.09765625 0.5260416671875 0.09765625 0.5017361109375 0.0830078125 0.47569444375 0.0771484375 0.47222222187499996 0.0703125 0.46006944375 0.068359375 0.4427083328125 0.0595703125 0.43055555625 0.0498046875 0.43055555625 0.044921875 0.4392361109375 0.044921875 0.44965277812500004 0.05078125 0.46006944375 0.05078125 0.4982638890625 0.046875 0.5017361109375 0.046875 0.515625 0.0439453125 0.53125 0.0341796875 0.527777778125 0.03125 0.512152778125 0.0283203125 0.5069444437499999 0.0263671875 0.5104166671875 0.0234375 0.5017361109375 0.015625 0.49131944375 0.0146484375 0.46527777812500004 0.01171875 0.4670138890625 0.0107421875 0.47569444375 0.0068359375 0.46875 0 0.4704861109375 0.0009765625 0.5798611109375 0.0107421875 0.5798611109375 0.0166015625 0.5694444437499999 0.0283203125 0.565972221875 0.0302734375 0.5625 0.0341796875 0.565972221875 0.0595703125 0.565972221875 0.0615234375 0.5625 0.0712890625 0.5625 0.0791015625 0.5798611109375 0.09375 0.578125 0.1015625 0.5677083328125 0.103515625 0.546875 0.10546875 0.543402778125 0.09765625 0.5260416671875