2 0.64921875 0.42265625 0.03125 0.05625
5 0.79140625 0.415625 0.04765625 0.08046875
2 0.96171875 0.4125 0.046875 0.0640625
4 0 0.7075107328125 0.2507804375 0.7225275421874999 0.4082129671875 0.5878547921874999 0.24300597031249999 0.5792219734375 0 0.7075107328125
4 0.4261913546875 0.5317411812499999 0.4305644734375 0.5446904671875 0.4305644734375 0.56454609375 0.42862087187500003 0.5757687609375 0.5165692734375 0.5032527078125 0.45388787500000005 0.498936296875 0.44902884062500004 0.512748865625 0.4227900703125 0.5213817421875 0.4261913546875 0.5317411812499999
4 0 0.687132728125 0.2809064421875 0.5576397828124999 0.28916679375 0.5403740296875 0.269244740625 0.5412373390624999 0.26487162343750004 0.5282880265625 0.2624421375 0.5153387390625 0.2547425234375 0.5121403625000001 0.1604025203125 0.5481436234375 0.15505760156249998 0.5541866265625 0.154571684375 0.5628195015624999 0.1492267671875 0.574042253125 0.0875170890625 0.5679992515625 0.0287228609375 0.5947610765625 0.027265159374999997 0.599940853125 0.0301805609375 0.6120268281250001 0.03261009375 0.6301558359375 0.0306664765625 0.6422418390625 0.02775104375 0.66123415625 0.023863826562500003 0.6681404109375 0.0175470921875 0.6724568484375 0.009772640624999999 0.669003778125 0 0.6620974093750001 0 0.687132728125
2 0.67578125 0.41953125 0.0203125 0.0328125
5 0.422855546875 0.59310303125 0.4393735796875 0.5464372875 0.41702568749999996 0.4686610875 0.4014793296875 0.44100722187499997 0.38787619375000004 0.3891563640625 0.3538685171875 0.3908847734375 0.36941487500000003 0.49631478281249997 0.284881421875 0.4444639265625 0.2984845578125 0.5844612687499999 0.34318034375 0.5844612687499999 0.3888478703125 0.5740910968749999 0.422855546875 0.59310303125
5 0 0.6691509359375 0.02933790625 0.68297786875 0.039054340625 0.6432255359375 0.0264229453125 0.5948314390625 0.0215646953125 0.501499896875 0.0332244796875 0.43236540156250003 0 0.44279924375 0 0.6518674109375 0 0.6691509359375
5 0.0264229453125 0.5256970015625 0.052657474999999995 0.5775478578125 0.084721865625 0.56717763125 0.11678625625000001 0.5706343921875 0.150793934375 0.5792761546875 0.1605104328125 0.556807459375 0.1498223234375 0.510141715625 0.1352475765625 0.45310574531250003 0.12261618125 0.3908847734375 0.0934666890625 0.411625003125 0.063345584375 0.4479206875 0.051685800000000004 0.46174762031250005 0.0264229453125 0.5256970015625
5 0.670625915625 0.5810045078125 0.7046336578125 0.582732859375 0.70269030625 0.527425296875 0.6803424140625001 0.46520426875 0.6657676671874999 0.4064400015625 0.638561525 0.4237236390625 0.630788378125 0.46520426875 0.6492496984375 0.49977154375 0.585120915625 0.458290859375 0.562773021875 0.49804313593750005 0.559857996875 0.56717763125 0.5812343421875 0.5965597921875 0.629816703125 0.5619925734375 0.670625915625 0.5810045078125
1 0.7716773375 0.3753294875 0.8027700531249999 0.3736011359375 0.805685078125 0.40989670624999996 0.8183166015625 0.44100722187499997 0.8280331000000001 0.44619233593749996 0.8251180734375 0.3286636875 0.7736205609375 0.3269353921875 0.737669596875 0.35458914375 0.737669596875 0.4513773921875 0.7609892921875 0.44619233593749996 0.7707057890625 0.4064400015625 0.7716773375 0.3753294875
5 1 0.40298324062499996 0.96892193125 0.3995265359375 0.9902984046875 0.6311270125 0.9465740390624999 0.5464372875 0.8027700531249999 0.4945864875 0.8066567546875 0.6968048015625 0.8523240890625001 0.7261869640625 0.9417159171874999 0.710631621875 1 0.72100185 1 0.40298324062499996
2 0.6890872359375 0.40125488750000005 0.6678183875 0.396502946875 0.66382444375 0.43927886875000005 0.6900589109374999 0.44100722187499997 0.6890872359375 0.40125488750000005
7 0.5712890625 0.4826388890625 0.5810546875 0.46527777812500004 0.5888671875 0.46527777812500004 0.591796875 0.46006944375 0.58984375 0.42534722187499996 0.59375 0.4114583328125 0.59375 0.39409722187499996 0.599609375 0.38368055624999997 0.599609375 0.359375 0.5830078125 0.3333333328125 0.5712890625 0.3229166671875 0.5302734375 0.31944444375000003 0.52734375 0.3142361109375 0.529296875 0.30034722187499996 0.5244140625 0.2916666671875 0.5126953125 0.28819444375000003 0.5107421875 0.28472222187499996 0.34375 0.2864583328125 0.341796875 0.29340277812500004 0.341796875 0.33159722187499996 0.359375 0.36631944375000003 0.357421875 0.3767361109375 0.359375 0.4010416671875 0.3681640625 0.40277777812500004 0.3759765625 0.41319444375 0.3857421875 0.40972222187499996 0.390625 0.41840277812500004 0.390625 0.42881944375 0.3984375 0.45659722187499996 0.4248046875 0.5 0.4443359375 0.503472221875 0.4462890625 0.5 0.4521484375 0.5 0.4560546875 0.49305555625 0.4580078125 0.49652777812500004 0.4619140625 0.49305555625 0.4853515625 0.49652777812500004 0.486328125 0.49131944375 0.4912109375 0.4861111109375 0.4990234375 0.4861111109375 0.5029296875 0.4895833328125 0.5048828125 0.49652777812500004 0.5146484375 0.49652777812500004 0.5166015625 0.5 0.5224609375 0.49652777812500004 0.5244140625 0.5 0.5302734375 0.5 0.53515625 0.515625 0.5419921875 0.5243055562500001 0.55859375 0.5225694437499999 0.560546875 0.519097221875 0.55859375 0.5052083328125 0.56640625 0.484375 0.5712890625 0.4826388890625