2 0.67734375 0.4328125 0.021875 0.03203125
2 0.6515625 0.4390625 0.03671875 0.05546875
1 0.7875 0.4078125 0.0953125 0.11796875
4 0.49487027031249997 0.4842745921875 0.513705721875 0.5242309781250001 0.5803438296875 0.4736670375 0.536612559375 0.47120051875 0.49487027031249997 0.4842745921875
4 0.26103624375 0.65742378125 0.24576504843750002 0.6302919015625 0.2492357421875 0.6117929609375 0.25340064687499997 0.5809612609375 0 0.7141540625 0.25270643593750003 0.7326530828125 0.2811664640625 0.7104541609374999 0.26103624375 0.65742378125
4 0 0.6093262796875 0.000731146875 0.6931884421875 0.0402975578125 0.6672899421875 0.2450708375 0.5809612609375 0.2617304109375 0.56739531875 0.2506240734375 0.563695459375 0.229799596875 0.5661620609375 0.21244599531250002 0.5587624609375 0.20245955625 0.5345391421875 0.13956053125 0.56492871875 0.12914833750000002 0.5821944390625 0.08333463906250001 0.5809612609375 0 0.6093262796875
5 0.2417156015625 0.5621234609375 0.250217521875 0.5351178125 0.2532538875 0.5091923125 0.2575048859375 0.48866809218749996 0.2963708203125 0.5124330796875001 0.29758537500000004 0.48002629375000005 0.293941671875 0.4541009 0.291512603125 0.4249347390625 0.2672213203125 0.4238545203125 0.2678286578125 0.46166247812499994 0.2726869140625 0.47786585312499996 0.25507577812500004 0.4789460734375 0.2380719 0.4735449359375 0.22467815937500002 0.46887915625 0.20770788437499998 0.49839014375 0.20284966718750003 0.5426794234375001 0.22106806093750003 0.5696850375 0.2417156015625 0.5621234609375
5 0.1427288953125 0.5081121625 0.14880170625 0.5264760140625 0.16398369375 0.5480806312500001 0.1822021265625 0.5502410015625 0.192525896875 0.54159916875 0.1913113421875 0.5243156078125 0.189489490625 0.5005505859375 0.1840239765625 0.4757053765625 0.1700565046875 0.4519404234375 0.163376396875 0.4195336390625 0.134834409375 0.42721248906250003 0.138477934375 0.46706357968749995 0.14151434062499998 0.4929890078125 0.1427288953125 0.5081121625
5 0.0935391890625 0.48326695468749997 0.0977901484375 0.5070319421875 0.0941464859375 0.510272603125 0.0771426078125 0.50163080625 0.0637824515625 0.48542743125000004 0.057709640625 0.476785596875 0.044956742187499996 0.4595020015625 0.023701943750000003 0.45626130624999994 0.0103417671875 0.46382288281250006 0.015200023437499998 0.568604853125 0.0291674578125 0.588048959375 0.0498149984375 0.5902093296875 0.063175175 0.578326871875 0.07957175625 0.577246615625 0.102041109375 0.5696850375 0.11054302812500001 0.575086175 0.12633231250000002 0.5902093296875 0.14151434062499998 0.5858884484375 0.15001625937500002 0.575086175 0.1512308140625 0.564283971875 0.14576530000000001 0.5372782875000001 0.14576530000000001 0.5232353171875 0.1433361921875 0.510272603125 0.13726338124999998 0.49730988906249995 0.12633231250000002 0.476785596875 0.1147939875 0.4573415265625 0.1129721765625 0.4281754359375 0.082751075 0.43647174843750003 0.0844299734375 0.46166247812499994 0.0886809328125 0.471384496875 0.0935391890625 0.48326695468749997
2 0.9755859375 0.4236111109375 0.98046875 0.41493055625 0.9775390625 0.40972222187499996 0.9658203125 0.40972222187499996 0.9638671875 0.40625 0.9306640625 0.40625 0.9267578125 0.40972222187499996 0.916015625 0.4392361109375 0.916015625 0.46006944375 0.9287109375 0.46180555625 0.9326171875 0.4583333328125 0.9404296875 0.46527777812500004 0.943359375 0.4635416671875 0.9521484375 0.46180555625 0.9599609375 0.4375 0.9716796875 0.4236111109375 0.9755859375 0.4236111109375
5 1 0.4357638890625 0.9970703125 0.43402777812500004 0.9892578125 0.44444444375 0.9853515625 0.44444444375 0.982421875 0.4322916671875 0.9736328125 0.4236111109375 0.9619140625 0.4375 0.953125 0.46006944375 0.953125 0.4704861109375 0.9599609375 0.4791666671875 0.9677734375 0.47222222187499996 0.9912109375 0.47222222187499996 1 0.47743055625 1 0.4357638890625
5 0.45703125 0.6475694437499999 0.44921875 0.6163194437499999 0.443359375 0.605902778125 0.4453125 0.5954861109375 0.44140625 0.5885416671875 0.435546875 0.5607638890625 0.4296875 0.5538194437499999 0.421875 0.5329861109375 0.4169921875 0.527777778125 0.404296875 0.5017361109375 0.40234375 0.49131944375 0.404296875 0.48784722187499996 0.404296875 0.4739583328125 0.3955078125 0.4548611109375 0.3837890625 0.4548611109375 0.3798828125 0.4583333328125 0.373046875 0.4739583328125 0.375 0.4947916671875 0.380859375 0.5052083328125 0.37890625 0.5086805562500001 0.37890625 0.5260416671875 0.376953125 0.5295138890625 0.375 0.5538194437499999 0.369140625 0.5607638890625 0.365234375 0.5850694437499999 0.361328125 0.5954861109375 0.361328125 0.609375 0.365234375 0.6163194437499999 0.3671875 0.6267361109375 0.3642578125 0.6354166671875 0.3505859375 0.625 0.345703125 0.6163194437499999 0.34375 0.609375 0.34375 0.5954861109375 0.345703125 0.5920138890625 0.34375 0.5885416671875 0.345703125 0.581597221875 0.34375 0.5711805562500001 0.345703125 0.5642361109375 0.3408203125 0.5520833328125 0.3310546875 0.5486111109375 0.3251953125 0.5381944437499999 0.3115234375 0.5416666671875 0.3076171875 0.5381944437499999 0.306640625 0.5295138890625 0.2958984375 0.5138888890625 0.2900390625 0.5138888890625 0.2841796875 0.5069444437499999 0.2763671875 0.5069444437499999 0.2744140625 0.503472221875 0.2685546875 0.503472221875 0.251953125 0.5260416671875 0.251953125 0.5329861109375 0.255859375 0.5399305562500001 0.255859375 0.546875 0.26171875 0.5642361109375 0.255859375 0.5850694437499999 0.2578125 0.5954861109375 0.255859375 0.5989583328125 0.255859375 0.609375 0.248046875 0.6197916671875 0.248046875 0.6302083328125 0.2578125 0.640625 0.263671875 0.6649305562500001 0.2744140625 0.684027778125 0.2783203125 0.6875 0.2939453125 0.6875 0.3095703125 0.6701388890625 0.3193359375 0.6701388890625 0.3212890625 0.6666666671875 0.3798828125 0.6736111109375 0.3818359375 0.6701388890625 0.3935546875 0.6701388890625 0.4033203125 0.65625 0.40625 0.671875 0.4169921875 0.690972221875 0.4248046875 0.6979166671875 0.439453125 0.6961805562500001 0.4462890625 0.690972221875 0.453125 0.6788194437499999 0.45703125 0.6614583328125 0.45703125 0.6475694437499999
5 0.5205078125 0.559027778125 0.5126953125 0.5555555562500001 0.505859375 0.543402778125 0.51171875 0.5295138890625 0.51171875 0.519097221875 0.478515625 0.4704861109375 0.4765625 0.44965277812500004 0.4677734375 0.4375 0.45703125 0.44965277812500004 0.458984375 0.45659722187499996 0.45703125 0.46006944375 0.462890625 0.48784722187499996 0.462890625 0.4982638890625 0.458984375 0.5086805562500001 0.462890625 0.515625 0.462890625 0.5225694437499999 0.46875 0.5329861109375 0.46875 0.5607638890625 0.466796875 0.5711805562500001 0.4619140625 0.5798611109375 0.4560546875 0.5694444437499999 0.455078125 0.5711805562500001 0.45703125 0.581597221875 0.453125 0.5850694437499999 0.447265625 0.605902778125 0.4541015625 0.6180555562500001 0.4716796875 0.6145833328125 0.4833984375 0.6076388890625 0.4970703125 0.6354166671875 0.515625 0.6336805562500001 0.5185546875 0.6319444437499999 0.52734375 0.612847221875 0.525390625 0.5711805562500001 0.5205078125 0.559027778125
7 0.228515625 0.42881944375 0.232421875 0.421875 0.234375 0.4079861109375 0.240234375 0.39756944375000003 0.240234375 0.38715277812500004 0.23828125 0.38368055624999997 0.2431640625 0.36805555624999997 0.2568359375 0.36805555624999997 0.26171875 0.3767361109375 0.263671875 0.38368055624999997 0.26171875 0.41493055625 0.2685546875 0.4270833328125 0.2783203125 0.4270833328125 0.2841796875 0.4166666671875 0.2900390625 0.4270833328125 0.2978515625 0.43055555625 0.3203125 0.39409722187499996 0.31640625 0.3802083328125 0.31640625 0.36631944375000003 0.3203125 0.35243055624999997 0.3271484375 0.34375 0.3330078125 0.34375 0.3349609375 0.34027777812500004 0.3466796875 0.34375 0.359375 0.35590277812500004 0.361328125 0.36284722187499996 0.359375 0.3732638890625 0.353515625 0.38368055624999997 0.353515625 0.39756944375000003 0.349609375 0.4079861109375 0.349609375 0.41840277812500004 0.3525390625 0.4236111109375 0.3583984375 0.4201388890625 0.3681640625 0.4201388890625 0.3720703125 0.4236111109375 0.375 0.4322916671875 0.375 0.4427083328125 0.3779296875 0.4479166671875 0.380859375 0.4427083328125 0.380859375 0.42534722187499996 0.3974609375 0.39930555624999997 0.400390625 0.390625 0.40234375 0.3802083328125 0.400390625 0.3732638890625 0.400390625 0.3454861109375 0.3955078125 0.34027777812500004 0.3642578125 0.33680555624999997 0.361328125 0.33159722187499996 0.361328125 0.3142361109375 0.3525390625 0.30902777812500004 0.3330078125 0.30902777812500004 0.3310546875 0.30555555624999997 0.3154296875 0.30555555624999997 0.3134765625 0.3020833328125 0.2958984375 0.3020833328125 0.2939453125 0.30555555624999997 0.2626953125 0.30555555624999997 0.2607421875 0.3020833328125 0.2451171875 0.3020833328125 0.2431640625 0.30555555624999997 0.2275390625 0.30555555624999997 0.2255859375 0.3020833328125 0.1806640625 0.3020833328125 0.1767578125 0.30555555624999997 0.173828125 0.3142361109375 0.173828125 0.45659722187499996 0.1767578125 0.46180555625 0.1953125 0.4635416671875 0.2197265625 0.46180555625 0.228515625 0.453125 0.232421875 0.4357638890625 0.228515625 0.42881944375