2 0.678125 0.43515625 0.02109375 0.03671875
2 0.94765625 0.43671875 0.0640625 0.06484375
2 0.6515625 0.4390625 0.03671875 0.05546875
1 0.7875 0.40859375 0.0953125 0.11875
4 0 0.715844065625 0.2507804375 0.734613546875 0.2765332921875 0.70612504375 0.244949634375 0.6741834140625 0.23911880000000002 0.6491481515624999 0.2191967796875 0.6431051484375 0.22794301562500002 0.63188245625 0.228914815625 0.6128901390625 0.191500325 0.614616703125 0 0.709578228125 0 0.715844065625
4 0.2366892515625 0.5654093484375 0.22697121562499997 0.56454609375 0.210936396875 0.5697257859375 0.20704916406249999 0.567135940625 0.2055915109375 0.5628195015624999 0.199274759375 0.559366346875 0.19976064375 0.5472803421875 0.191500325 0.545553778125 0.13319197968750002 0.5679992515625 0.1278470296875 0.5809485375000001 0.117157178125 0.5835384109375 0.108410925 0.57749538125 0.0928620234375 0.57749538125 0.0010263890625 0.6059838265625 0 0.690844065625 0.22648533125 0.5930345406249999 0.23425976718750002 0.5826751015625 0.2366892515625 0.5654093484375
4 0.49081641875 0.5231083062499999 0.489358734375 0.535194309375 0.4820701828125 0.5369208734375001 0.48061243437499995 0.5412373390624999 0.4888728171875 0.5438272140625 0.583623790625 0.47649085312499995 0.523597275 0.4749780375 0.473323946875 0.49548314062500004 0.4864433 0.5101589921875 0.49081641875 0.5231083062499999
4 0.5121961546875 0.4747642890625 0.46776335625 0.47602925156250003 0.46700722812500006 0.48426044687500003 0.47235217812499997 0.49116673125 0.5121961546875 0.4747642890625
5 0.47855495000000003 0.6420601875 0.5034534125000001 0.6463811390624999 0.512562628125 0.601011603125 0.4992024921875 0.5524014421875 0.4985951953125 0.5351178125 0.46337292343750003 0.46922402031250005 0.45547829999999995 0.42709521562499997 0.42194378437499996 0.439943971875 0.43483075937500004 0.575086175 0.43665257031250004 0.6128940625 0.47855495000000003 0.6420601875
5 0.22106806093750003 0.625856846875 0.2344282359375 0.67986814375 0.255683034375 0.6949912984375 0.2878689015625 0.6831087703125001 0.32612753906249997 0.6831087703125001 0.38321194531249997 0.687429721875 0.42086332656250003 0.7133551515625001 0.43968897656249994 0.6863494671875 0.4421181640625 0.6528623890625 0.4342234625 0.6064127390625 0.42997254218750003 0.5826477515625 0.4153978125 0.5524014421875 0.3965720828125 0.5156738109375001 0.39292841875 0.48542743125000004 0.3826046484375 0.44761950781250004 0.348376075 0.45151804531249995 0.36013525625 0.5610432765625 0.2332136828125 0.49839014375 0.22106806093750003 0.625856846875
5 0.134226975 0.5210748765625 0.14212159687499998 0.5394387984375 0.1651982875 0.5491606765625 0.1797730171875 0.5491606765625 0.1828093828125 0.49947036406249995 0.16398369375 0.4519404234375 0.157303625 0.4238545203125 0.12754690625 0.42601503125000006 0.1348342328125 0.46058222187500003 0.13908523125 0.4951494484375 0.134226975 0.5210748765625
5 0.001839846875 0.4627426625 0.00062529375 0.54159916875 0.01580728125 0.5815675671875 0.035847525000000005 0.5934500265625 0.0516368296875 0.5740059890625 0.0929318921875 0.5664443421875001 0.10629206875 0.5837280078125 0.1281541640625 0.5902093296875 0.14090704375000002 0.5729256640625 0.134226975 0.5329573 0.1378706375 0.5156738109375001 0.11843769062500001 0.48326695468749997 0.10629206875 0.4573415265625 0.1038629609375 0.42601503125000006 0.0619606 0.4357370140625 0.0856445265625 0.5070319421875 0.023701943750000003 0.4627426625 0.001839846875 0.4627426625
5 0.2356427515625 0.476785596875 0.20224237031249997 0.46166247812499994 0.1913113421875 0.4811065140625 0.18706038281249998 0.52539579375 0.1973841140625 0.5534816984375001 0.218031615625 0.5696850375 0.22774816874999998 0.54592005 0.230784534375 0.522155096875 0.24293015625 0.49839014375 0.263577696875 0.5081121625 0.281796090625 0.5081121625 0.281796090625 0.4811065140625 0.2763305375 0.43141609687500004 0.255928159375 0.43299952656249996 0.2672213203125 0.48218676875 0.2653995484375 0.4951494484375 0.2356427515625 0.476785596875
7 0.423828125 0.38715277812500004 0.4111328125 0.36805555624999997 0.40625 0.3802083328125 0.40625 0.38715277812500004 0.400390625 0.390625 0.400390625 0.4010416671875 0.404296875 0.4079861109375 0.404296875 0.41493055625 0.4130859375 0.44097222187499996 0.4208984375 0.44097222187499996 0.4228515625 0.44444444375 0.431640625 0.4427083328125 0.4375 0.4392361109375 0.439453125 0.4322916671875 0.4375 0.421875 0.423828125 0.38715277812500004
7 0.216796875 0.44965277812500004 0.21875 0.44618055625 0.21875 0.4322916671875 0.216796875 0.42881944375 0.220703125 0.421875 0.220703125 0.41493055625 0.2265625 0.39756944375000003 0.2265625 0.3802083328125 0.228515625 0.3732638890625 0.2353515625 0.3645833328125 0.2392578125 0.3645833328125 0.248046875 0.3732638890625 0.25 0.3802083328125 0.248046875 0.4114583328125 0.2529296875 0.4236111109375 0.2568359375 0.4270833328125 0.2685546875 0.4270833328125 0.26953125 0.421875 0.2724609375 0.4201388890625 0.2802734375 0.4270833328125 0.30078125 0.39409722187499996 0.296875 0.38368055624999997 0.296875 0.36284722187499996 0.3056640625 0.34375 0.3115234375 0.34027777812500004 0.3291015625 0.34375 0.341796875 0.36284722187499996 0.3359375 0.3767361109375 0.3359375 0.38715277812500004 0.330078125 0.4010416671875 0.330078125 0.4114583328125 0.3369140625 0.4236111109375 0.3466796875 0.4236111109375 0.3515625 0.4357638890625 0.3564453125 0.44097222187499996 0.359375 0.421875 0.376953125 0.39409722187499996 0.380859375 0.3420138890625 0.3720703125 0.34027777812500004 0.3701171875 0.33680555624999997 0.3564453125 0.33680555624999997 0.3544921875 0.3125 0.3271484375 0.30902777812500004 0.3251953125 0.30555555624999997 0.2216796875 0.30555555624999997 0.2197265625 0.3020833328125 0.1708984375 0.30555555624999997 0.16796875 0.3107638890625 0.16796875 0.453125 0.171875 0.46006944375 0.171875 0.4670138890625 0.1767578125 0.4791666671875 0.201171875 0.48090277812500004 0.2041015625 0.47222222187499996 0.2119140625 0.46875 0.216796875 0.46006944375 0.216796875 0.44965277812500004