4 0.5525260484375 0.4747642890625 0.5637018015625 0.49030342187500003 0.5821661687499999 0.473900978125 0.5525260484375 0.4747642890625
4 0.3202645671875 0.6560544078125 0.3052015484375 0.64742153125 0.30665929687500004 0.632745709375 0.30714518125 0.6128901390625 0.31686324843749997 0.6025306421875001 0.30957469843749996 0.5930345406249999 0.3149196171875 0.5809485375000001 0.3124901 0.57058906875 0.290624478125 0.57058906875 0 0.7130313562499999 0.2551535875 0.7320236171875 0.3236658203125 0.6707303421875 0.3202645671875 0.6560544078125
4 0 0.6931757296875001 0.24446371875 0.5835384109375 0.2585548734375 0.5714523781249999 0.2532099859375 0.56627263125 0.24835095312500002 0.5524600625 0.2425201171875 0.5412373390624999 0.23377385 0.5256981796875 0.23425976718750002 0.52483486875 0.181296340625 0.5498701875 0.176923221875 0.5654093484375 0.1735218734375 0.5800852546875 0.1613743515625 0.58612825625 0.1409663828125 0.57749538125 0.0870311890625 0.578358634375 0 0.60857364375 0 0.6931757296875001
5 0.1730718359375 0.527672296875 0.18473162031249998 0.5466842875 0.2080511890625 0.541499171875 0.20707957812500002 0.5017468390625 0.1834433875 0.40391035468750003 0.14197912031249998 0.408415409375 0.14489401875000002 0.444710925 0.157525478125 0.4792782015625 0.1730718359375 0.527672296875
5 0.5265300609375 0.517834215625 0.5350320609375 0.5448398640625001 0.5380683859375 0.568604853125 0.5423193859375 0.602091859375 0.5605378187500001 0.6442206984375 0.575719846875 0.6539427156250001 0.6000110109375 0.6409800015625 0.6036547125 0.611813946875 0.60426193125 0.5815675671875 0.5987964171875 0.5534816984375001 0.5896872796875 0.5189144359375 0.575719846875 0.5005505859375 0.5599305218749999 0.46922402031250005 0.5435339796875 0.4335766078125 0.519600034375 0.43762915625 0.5186354390625 0.44005793125 0.5228864390625 0.487587871875 0.5265300609375 0.517834215625
5 0.447583678125 0.6172150140625 0.41418321875 0.6247765921874999 0.4008230421875 0.5340375921875 0.31398195625 0.5005505859375 0.30790910625 0.6712263109375 0.33341494374999997 0.709034128125 0.3649935125 0.69931218125 0.391713865625 0.690670346875 0.4573001125 0.690670346875 0.47673313906250003 0.7144353359375 0.51195533125 0.7122748953125 0.52895925 0.687429721875 0.52349365625 0.6161347578124999 0.4803767625 0.503791246875 0.46337292343750003 0.44545906718749995 0.426328840625 0.45626130624999994 0.4384744625 0.517834215625 0.44697638125 0.567524596875 0.447583678125 0.6172150140625
5 0.251432075 0.567524596875 0.2726869140625 0.5826477515625 0.29029805 0.55996301875 0.316411065625 0.5578025796875 0.317625659375 0.5394387984375 0.3243057265625 0.505951721875 0.34495326875 0.5005505859375 0.3455605265625 0.4811065140625 0.34191686250000003 0.4541009 0.33584405156249997 0.4238545203125 0.33341494374999997 0.41521272187499997 0.306087334375 0.42061385937500007 0.3042654828125 0.44761950781250004 0.31398195625 0.4811065140625 0.317018321875 0.527556234375 0.293941671875 0.529716675 0.283010684375 0.48002629375000005 0.275116021875 0.46922402031250005 0.25264662968749996 0.472464715625 0.24475196718749997 0.5070319421875 0.2326063859375 0.52539579375 0.251432075 0.567524596875
5 0.16398369375 0.48002629375000005 0.16944924687500001 0.49839014375 0.1724856125 0.5124330796875001 0.17552201875 0.52539579375 0.192525896875 0.543759609375 0.2071006265625 0.53619803125 0.2064933296875 0.5091923125 0.20406418125 0.48326695468749997 0.18888219374999998 0.4541009 0.1828093828125 0.4216941140625 0.15426721875 0.42277430000000005 0.15851817968749998 0.44545906718749995 0.161554584375 0.4573415265625 0.16398369375 0.48002629375000005
5 0.1324051234375 0.5124330796875001 0.12633231250000002 0.5264760140625 0.111150325 0.53079693125 0.10689936562499999 0.517834215625 0.0977901484375 0.4951494484375 0.08807367499999999 0.4789460734375 0.0747135 0.46598339375000003 0.0516368296875 0.46058222187500003 0.044349484375 0.46490313906249997 0.0437421875 0.4919087875 0.042527614062500003 0.5210748765625 0.047993167187500005 0.5491606765625 0.05406593750000001 0.5815675671875 0.0637824515625 0.5891290734375 0.0813935671875 0.5869687031249999 0.0923246359375 0.5794071265625 0.102041109375 0.575086175 0.12633231250000002 0.5718455484375 0.1427288953125 0.5740059890625 0.1603400296875 0.588048959375 0.173092909375 0.5891290734375 0.18159478906249998 0.57616643125 0.17552201875 0.5524014421875 0.17370020625 0.5372782875000001 0.176736571875 0.5124330796875001 0.17127105781250002 0.49947036406249995 0.1597327328125 0.4757053765625 0.1469798546875 0.4573415265625 0.138477934375 0.42709521562499997 0.109935771875 0.4335766078125 0.115401284375 0.46598339375000003 0.1232959078125 0.487587871875 0.1324051234375 0.5124330796875001
7 0.451171875 0.390625 0.4326171875 0.3576388890625 0.4248046875 0.35069444375000003 0.421875 0.35590277812500004 0.421875 0.3697916671875 0.4169921875 0.375 0.4140625 0.38368055624999997 0.4140625 0.39756944375000003 0.412109375 0.4010416671875 0.41015625 0.421875 0.4208984375 0.4375 0.4287109375 0.4201388890625 0.4345703125 0.4201388890625 0.4462890625 0.44444444375 0.451171875 0.4427083328125 0.451171875 0.421875 0.453125 0.41840277812500004 0.453125 0.39756944375000003 0.451171875 0.390625
7 0.265625 0.46006944375 0.265625 0.42881944375 0.271484375 0.421875 0.2734375 0.4079861109375 0.279296875 0.39409722187499996 0.27734375 0.390625 0.27734375 0.3802083328125 0.2841796875 0.3645833328125 0.2939453125 0.3645833328125 0.30078125 0.3767361109375 0.30078125 0.4010416671875 0.298828125 0.4045138890625 0.30078125 0.41840277812500004 0.3076171875 0.4270833328125 0.3251953125 0.4270833328125 0.33203125 0.4392361109375 0.3359375 0.4635416671875 0.34375 0.4739583328125 0.345703125 0.48784722187499996 0.3505859375 0.4895833328125 0.3525390625 0.49652777812500004 0.361328125 0.48090277812500004 0.361328125 0.4392361109375 0.36328125 0.4322916671875 0.3828125 0.39409722187499996 0.37890625 0.3697916671875 0.3828125 0.35243055624999997 0.390625 0.3385416671875 0.3857421875 0.3333333328125 0.3798828125 0.3333333328125 0.376953125 0.328125 0.37890625 0.32118055624999997 0.3779296875 0.3125 0.3623046875 0.30902777812500004 0.3603515625 0.30555555624999997 0.3486328125 0.30555555624999997 0.3466796875 0.3020833328125 0.2744140625 0.3020833328125 0.2724609375 0.3125 0.2685546875 0.3125 0.2646484375 0.30555555624999997 0.2587890625 0.3020833328125 0.2490234375 0.3020833328125 0.2470703125 0.30555555624999997 0.1962890625 0.3020833328125 0.19140625 0.3177083328125 0.19140625 0.33506944375000003 0.193359375 0.3385416671875 0.193359375 0.359375 0.19140625 0.36284722187499996 0.193359375 0.3697916671875 0.19140625 0.3802083328125 0.193359375 0.41493055625 0.19140625 0.421875 0.193359375 0.42534722187499996 0.19140625 0.42881944375 0.19140625 0.44965277812500004 0.1953125 0.46006944375 0.1953125 0.4670138890625 0.2060546875 0.4791666671875 0.2080078125 0.47569444375 0.2177734375 0.47569444375 0.2236328125 0.4826388890625 0.2314453125 0.4826388890625 0.234375 0.48784722187499996 0.234375 0.4982638890625 0.2431640625 0.5104166671875 0.24609375 0.5086805562500001 0.25 0.4982638890625 0.25 0.4739583328125 0.2626953125 0.46875 0.265625 0.46006944375
2 0.025390625 0.46006944375 0.0234375 0.45659722187499996 0.0224609375 0.44097222187499996 0.0087890625 0.4201388890625 0.0068359375 0.4236111109375 0.0009765625 0.4201388890625 0 0.5086805562500001 0.0078125 0.5086805562500001 0.0185546875 0.4895833328125 0.0234375 0.48784722187499996 0.025390625 0.48090277812500004 0.025390625 0.46006944375
5 0.9716796875 0.43055555625 0.9677734375 0.44097222187499996 0.958984375 0.44618055625 0.95703125 0.4635416671875 0.9599609375 0.46875 0.9716796875 0.47569444375 0.982421875 0.4739583328125 0.984375 0.4704861109375 0.984375 0.4392361109375 0.9814453125 0.43055555625 0.9716796875 0.43055555625
5 0.958984375 0.4357638890625 0.955078125 0.42881944375 0.9541015625 0.4166666671875 0.9482421875 0.4166666671875 0.9296875 0.45659722187499996 0.9296875 0.4704861109375 0.9345703125 0.47569444375 0.939453125 0.4739583328125 0.9443359375 0.46875 0.955078125 0.4670138890625 0.955078125 0.4392361109375 0.958984375 0.4357638890625
2 0.970703125 0.41840277812500004 0.97265625 0.42881944375 0.9755859375 0.43402777812500004 0.982421875 0.4322916671875 0.982421875 0.41493055625 0.98046875 0.4079861109375 0.9716796875 0.40625 0.970703125 0.41840277812500004
2 0.95703125 0.41493055625 0.9560546875 0.40277777812500004 0.9462890625 0.40277777812500004 0.9443359375 0.40625 0.9423828125 0.40277777812500004 0.9326171875 0.40277777812500004 0.923828125 0.4114583328125 0.916015625 0.4357638890625 0.9140625 0.453125 0.9169921875 0.46180555625 0.9296875 0.46006944375 0.931640625 0.453125 0.94140625 0.4392361109375 0.9443359375 0.4236111109375 0.95703125 0.41493055625
1 0.83203125 0.42881944375 0.833984375 0.421875 0.833984375 0.3802083328125 0.83203125 0.3767361109375 0.8310546875 0.3541666671875 0.8271484375 0.35069444375000003 0.7958984375 0.35069444375000003 0.7939453125 0.34722222187499996 0.7919921875 0.35069444375000003 0.7900390625 0.34722222187499996 0.7841796875 0.34722222187499996 0.7822265625 0.35069444375000003 0.7666015625 0.3541666671875 0.7568359375 0.3645833328125 0.7451171875 0.36805555624999997 0.7421875 0.3732638890625 0.740234375 0.4322916671875 0.7421875 0.4357638890625 0.7421875 0.44618055625 0.7470703125 0.4583333328125 0.7548828125 0.46180555625 0.7626953125 0.4548611109375 0.7666015625 0.46180555625 0.7744140625 0.46180555625 0.7763671875 0.4583333328125 0.7822265625 0.4583333328125 0.7841796875 0.46180555625 0.8115234375 0.4583333328125 0.8154296875 0.46527777812500004 0.8203125 0.4635416671875 0.8232421875 0.4548611109375 0.8310546875 0.4513888890625 0.833984375 0.4392361109375 0.83203125 0.42881944375
2 0.6455078125 0.41319444375 0.63671875 0.421875 0.6328125 0.4357638890625 0.634765625 0.4392361109375 0.6357421875 0.46527777812500004 0.6396484375 0.46527777812500004 0.6416015625 0.4583333328125 0.6591796875 0.4583333328125 0.666015625 0.4635416671875 0.66796875 0.46006944375 0.66796875 0.4357638890625 0.6611328125 0.41319444375 0.6455078125 0.41319444375
2 0.6708984375 0.4201388890625 0.666015625 0.4322916671875 0.6689453125 0.4479166671875 0.6748046875 0.44444444375 0.6806640625 0.44444444375 0.6826171875 0.4479166671875 0.6875 0.44618055625 0.6875 0.4322916671875 0.68359375 0.421875 0.6787109375 0.4166666671875 0.6708984375 0.4201388890625