4 0.602725015625 0.5780121375 0.5098635890625001 0.6125436046875 0.5109433328125 0.6355645828125 0.508783775 0.6451566671875 0.4715312671875 0.6653000390625 0.40350484687500004 0.699831475 0.3862282890625 0.7381998140625 0.26043343124999996 0.7650575374999999 0.162676878125 0.8241888796874999 0.3835288609375 0.8322021312500001 0.6000255515624999 0.617339646875 0.6583338609375 0.574175328125 0.602725015625 0.5780121375
4 0 0.854263875 0.0703914671875 0.8590599171875001 0.18871854375 0.7881806484375 0.0099235484375 0.7852008781250001 0 0.7967114296875 0 0.854263875
4 0.591927090625 0.5780121375 0.5122139140625 0.586534559375 0.5055444765625 0.5924002640625 0.5114832390624999 0.6125436046875 0.591927090625 0.5780121375
1 0.3115234375 0.7291666671875 0.3212890625 0.722222221875 0.3583984375 0.71875 0.3623046875 0.7118055562500001 0.3798828125 0.7083333328125 0.4052734375 0.6944444437499999 0.4150390625 0.6944444437499999 0.4228515625 0.6875 0.4306640625 0.6875 0.4384765625 0.6805555562500001 0.4462890625 0.6805555562500001 0.4580078125 0.6736111109375 0.462890625 0.6614583328125 0.462890625 0.644097221875 0.45703125 0.6336805562500001 0.45703125 0.5885416671875 0.455078125 0.5850694437499999 0.455078125 0.5711805562500001 0.453125 0.5677083328125 0.451171875 0.5399305562500001 0.44921875 0.5364583328125 0.44921875 0.49131944375 0.447265625 0.48784722187499996 0.447265625 0.453125 0.4453125 0.44965277812500004 0.4453125 0.4114583328125 0.44140625 0.390625 0.44140625 0.3489583328125 0.439453125 0.3454861109375 0.4375 0.3142361109375 0.4248046875 0.2986111109375 0.4072265625 0.2916666671875 0.4033203125 0.28472222187499996 0.3974609375 0.28125 0.3720703125 0.27777777812500004 0.3544921875 0.2673611109375 0.3369140625 0.2673611109375 0.3349609375 0.2708333328125 0.3232421875 0.2708333328125 0.3134765625 0.27777777812500004 0.3076171875 0.27430555624999997 0.3056640625 0.27777777812500004 0.2724609375 0.27777777812500004 0.2705078125 0.28125 0.2451171875 0.28125 0.2431640625 0.28472222187499996 0.2021484375 0.28819444375000003 0.2001953125 0.2916666671875 0.1767578125 0.2916666671875 0.1748046875 0.2951388890625 0.1513671875 0.2951388890625 0.1494140625 0.2916666671875 0.1357421875 0.2916666671875 0.1240234375 0.28472222187499996 0.0908203125 0.28472222187499996 0.0888671875 0.28819444375000003 0.0478515625 0.2916666671875 0.0458984375 0.2951388890625 0.0166015625 0.2986111109375 0.0146484375 0.3020833328125 0.0107421875 0.2986111109375 0.0009765625 0.30555555624999997 0 0.7239583328125 0.0537109375 0.7256944437499999 0.0576171875 0.722222221875 0.0595703125 0.7256944437499999 0.0927734375 0.7256944437499999 0.0947265625 0.7326388890625 0.1064453125 0.7395833328125 0.107421875 0.7413194437499999 0.1044921875 0.7430555562500001 0.1044921875 0.746527778125 0.1103515625 0.75 0.1123046875 0.746527778125 0.1181640625 0.746527778125 0.1357421875 0.7708333328125 0.16015625 0.769097221875 0.1689453125 0.7638888890625 0.173828125 0.7552083328125 0.1806640625 0.7326388890625 0.3115234375 0.7291666671875
2 0.5078125 0.5989583328125 0.505859375 0.5885416671875 0.4970703125 0.5763888890625 0.4736328125 0.5625 0.4580078125 0.5625 0.45703125 0.5885416671875 0.458984375 0.5920138890625 0.458984375 0.6336805562500001 0.462890625 0.644097221875 0.462890625 0.6579861109375 0.4658203125 0.6631944437499999 0.474609375 0.6614583328125 0.4833984375 0.652777778125 0.4990234375 0.6493055562500001 0.509765625 0.6336805562500001 0.5078125 0.5989583328125
2 0.6513671875 0.53125 0.6455078125 0.53125 0.64453125 0.5399305562500001 0.6416015625 0.5416666671875 0.6376953125 0.5243055562500001 0.6279296875 0.5243055562500001 0.6240234375 0.527777778125 0.6171875 0.543402778125 0.6220703125 0.5555555562500001 0.62890625 0.5538194437499999 0.6513671875 0.5520833328125 0.654296875 0.546875 0.654296875 0.5364583328125 0.6513671875 0.53125
5 0.7060546875 0.534722221875 0.7001953125 0.5416666671875 0.6923828125 0.5416666671875 0.6904296875 0.534722221875 0.6767578125 0.534722221875 0.658203125 0.5607638890625 0.658203125 0.5711805562500001 0.6630859375 0.5798611109375 0.6708984375 0.5798611109375 0.6767578125 0.5694444437499999 0.6826171875 0.5729166671875 0.6943359375 0.5729166671875 0.6982421875 0.5694444437499999 0.7060546875 0.5798611109375 0.712890625 0.578125 0.71875 0.5677083328125 0.71875 0.550347221875 0.7099609375 0.534722221875 0.7060546875 0.534722221875
5 0.7333984375 0.53125 0.7265625 0.546875 0.7265625 0.5607638890625 0.7294921875 0.565972221875 0.740234375 0.5642361109375 0.74609375 0.5572916671875 0.74609375 0.543402778125 0.7412109375 0.534722221875 0.7333984375 0.53125
5 0.7890625 0.5538194437499999 0.7890625 0.5295138890625 0.7802734375 0.5104166671875 0.7666015625 0.5069444437499999 0.7646484375 0.5104166671875 0.7587890625 0.5104166671875 0.75390625 0.519097221875 0.751953125 0.5295138890625 0.751953125 0.5538194437499999 0.7548828125 0.559027778125 0.759765625 0.5572916671875 0.7705078125 0.5555555562500001 0.7724609375 0.5520833328125 0.7783203125 0.5555555562500001 0.7890625 0.5538194437499999
1 0.8984375 0.519097221875 0.900390625 0.515625 0.900390625 0.48090277812500004 0.8984375 0.4704861109375 0.89453125 0.4635416671875 0.896484375 0.453125 0.8955078125 0.44444444375 0.8408203125 0.44444444375 0.8115234375 0.46180555625 0.806640625 0.4704861109375 0.8046875 0.47743055625 0.806640625 0.48784722187499996 0.806640625 0.5364583328125 0.8154296875 0.5520833328125 0.8193359375 0.5555555562500001 0.8251953125 0.5555555562500001 0.8271484375 0.5520833328125 0.8330078125 0.5520833328125 0.8349609375 0.5555555562500001 0.8427734375 0.5555555562500001 0.8447265625 0.5520833328125 0.8583984375 0.5520833328125 0.8603515625 0.5555555562500001 0.8623046875 0.5520833328125 0.890625 0.5538194437499999 0.8935546875 0.5486111109375 0.900390625 0.546875 0.900390625 0.5225694437499999 0.8984375 0.519097221875
2 0.9404296875 0.49652777812500004 0.9091796875 0.49652777812500004 0.904296875 0.5017361109375 0.900390625 0.519097221875 0.9013671875 0.5520833328125 0.9111328125 0.5486111109375 0.9150390625 0.5555555562500001 0.9208984375 0.5520833328125 0.9365234375 0.5520833328125 0.9384765625 0.5555555562500001 0.9404296875 0.5520833328125 0.955078125 0.5538194437499999 0.958984375 0.546875 0.958984375 0.5295138890625 0.95703125 0.5225694437499999 0.9404296875 0.49652777812500004