4 1 0.416891603125 0.794188134375 0.42750513593750006 0.9233998218749999 0.5323404140625 0.921750475 0.45662095625 0.9522622546875 0.456153546875 0.9563853046874999 0.5622542734375 0.9654564828125001 0.56646089375 1 0.566928315625 1 0.416891603125
0 0.95473345625 0.5400390625 0.9512867640625 0.5380859375 0.9512867640625 0.4775390625 0.9478400734375001 0.4755859375 0.9478400734375001 0.4580078125 0.9392233453125 0.455078125 0.9237132359375 0.4599609375 0.9237132359375 0.4716796875 0.9271599265624999 0.4736328125 0.9237132359375 0.4794921875 0.9271599265624999 0.4814453125 0.9271599265624999 0.4873046875 0.9237132359375 0.4892578125 0.9271599265624999 0.4931640625 0.9237132359375 0.4970703125 0.9237132359375 0.5029296875 0.9271599265624999 0.5048828125 0.9237132359375 0.5087890625 0.9271599265624999 0.5107421875 0.9271599265624999 0.5185546875 0.9237132359375 0.5205078125 0.9237132359375 0.5634765625 0.9099264703125 0.5693359375 0.9323299625000001 0.57421875 0.95473345625 0.5732421875 0.9633501843750001 0.572265625 0.9685202203125 0.5673828125 0.95473345625 0.5615234375 0.95473345625 0.5400390625
0 0.6755514703125 0.5556640625 0.6721047796875 0.5537109375 0.6721047796875 0.4677734375 0.6634880515625 0.462890625 0.65659466875 0.462890625 0.6479779406249999 0.4677734375 0.6479779406249999 0.5537109375 0.64453125 0.5556640625 0.64453125 0.5693359375 0.6393612125 0.5703125 0.6341911765625 0.5751953125 0.6393612125 0.578125 0.6497012875 0.578125 0.653147978125 0.580078125 0.6686580875 0.5791015625 0.6841681984375 0.578125 0.6893382359375 0.5751953125 0.6755514703125 0.5693359375 0.6755514703125 0.5556640625
0 0.1482077203125 0.6025390625 0.1447610296875 0.5712890625 0.1413143375 0.5693359375 0.1413143375 0.5517578125 0.137867646875 0.5498046875 0.137867646875 0.5322265625 0.13442095625 0.5302734375 0.13442095625 0.5126953125 0.13097426406249998 0.5107421875 0.13097426406249998 0.4951171875 0.125804228125 0.48828125 0.108570771875 0.48828125 0.10340073593750002 0.4912109375 0.10340073593750002 0.5048828125 0.10684742656249999 0.5068359375 0.10684742656249999 0.5341796875 0.1102941171875 0.5361328125 0.113740809375 0.5947265625 0.1171875 0.5966796875 0.1171875 0.6025390625 0.10512408124999999 0.607421875 0.09995404375 0.6123046875 0.10512408124999999 0.615234375 0.1413143375 0.6142578125 0.15337775781250002 0.61328125 0.1654411765625 0.6083984375 0.1568244484375 0.603515625 0.1482077203125 0.6025390625
6 0.7755055140625 0.3896484375 0.7755055140625 0.3759765625 0.77895220625 0.3720703125 0.7686121328125 0.3642578125 0.7651654406249999 0.3564453125 0.7599954046875 0.35546875 0.7548253671875 0.3583984375 0.7548253671875 0.3681640625 0.7479319859375 0.3759765625 0.7513786765625 0.3779296875 0.7513786765625 0.3876953125 0.7582720593750001 0.3916015625 0.76171875 0.4150390625 0.7668887875 0.41796875 0.7686121328125 0.4169921875 0.7755055140625 0.4091796875 0.7755055140625 0.3955078125 0.7720588234375 0.3916015625 0.7755055140625 0.3896484375
0 0.7582720593750001 0.3916015625 0.753102021875 0.390625 0.7513786765625 0.4169921875 0.7479319859375 0.4189453125 0.753102021875 0.421875 0.7582720593750001 0.4208984375 0.76171875 0.4189453125 0.76171875 0.4033203125 0.7582720593750001 0.4013671875 0.7582720593750001 0.3916015625
0 0.849609375 0.38671875 0.8478860296875 0.4189453125 0.858226103125 0.4189453125 0.86167279375 0.4169921875 0.858226103125 0.4130859375 0.858226103125 0.3876953125 0.849609375 0.38671875
0 0.6789981625 0.3994140625 0.6755514703125 0.3935546875 0.6703814343750001 0.392578125 0.6686580875 0.4189453125 0.673828125 0.421875 0.6755514703125 0.4208984375 0.682444853125 0.4189453125 0.682444853125 0.4150390625 0.6789981625 0.4130859375 0.6789981625 0.3994140625
6 0.899586396875 0.3740234375 0.899586396875 0.3642578125 0.8892463234375001 0.3564453125 0.8926930140625 0.3544921875 0.8926930140625 0.3486328125 0.887522978125 0.345703125 0.8806295953125 0.345703125 0.87890625 0.3544921875 0.8547794124999999 0.3662109375 0.8547794124999999 0.3701171875 0.8685661765624999 0.3759765625 0.8685661765624999 0.3935546875 0.8720128671875 0.3955078125 0.8720128671875 0.4033203125 0.86167279375 0.4150390625 0.86684283125 0.41796875 0.8720128671875 0.4130859375 0.8771829046875 0.412109375 0.8840762874999999 0.41796875 0.8926930140625 0.4169921875 0.8823529406249999 0.4072265625 0.8926930140625 0.3916015625 0.8926930140625 0.3818359375 0.899586396875 0.3740234375
2 0.10167738906249998 0.4140625 0.125804228125 0.416015625 0.13097426406249998 0.4130859375 0.13097426406249998 0.4033203125 0.1275275734375 0.4013671875 0.13097426406249998 0.3974609375 0.1120174625 0.384765625 0.0603170953125 0.384765625 0.049977021875 0.38671875 0.0430836390625 0.388671875 0.013786764062500002 0.4072265625 0.013786764062500002 0.4189453125 0.0224034921875 0.421875 0.037913603125 0.4208984375 0.067210478125 0.419921875 0.07065716875 0.41796875 0.0947840078125 0.419921875 0.10167738906249998 0.4140625
2 0.6479779406249999 0.3798828125 0.6393612125 0.37109375 0.63246783125 0.369140625 0.594554228125 0.369140625 0.5824908093750001 0.3740234375 0.5824908093750001 0.3779296875 0.5721507359375 0.3896484375 0.57387408125 0.41015625 0.5876608453125 0.41015625 0.59800091875 0.40625 0.6428079046875 0.40625 0.6497012875 0.41015625 0.6583180140625 0.4091796875 0.66176470625 0.4052734375 0.6583180140625 0.3876953125 0.6548713234375 0.3818359375 0.6479779406249999 0.3798828125
1 0.42221966875000005 0.35546875 0.384306065625 0.34765625 0.3670726109375 0.34765625 0.36362591875 0.349609375 0.3360523890625 0.3515625 0.32398897031249996 0.3564453125 0.32398897031249996 0.3740234375 0.3515625 0.3876953125 0.3515625 0.3955078125 0.3567325375 0.3984375 0.41360294062499997 0.3974609375 0.4256663609375 0.396484375 0.430836396875 0.3935546875 0.42738970624999995 0.3583984375 0.42221966875000005 0.35546875
4 0 0.433958384375 0.2348825234375 0.428579978125 0.6412585765625 0.42172725 0.6490153453125 0.41667063750000005 0.28232819062500003 0.42012819375 0 0.42704328281250004 0 0.433958384375