4 0.47948924687499994 0.5608486640625 0.499748225 0.5657698140625 1 0.5422576109375 0.9956111109375 0.448755375 0.69172611875 0.41758794843749997 0.30418043125 0.4341820421875 0.452477275 0.5389767953125 0.4447594796875 0.45969129531249997 0.47563035 0.46078490156249996 0.47948924687499994 0.5608486640625
0 0.4790900734375 0.5537109375 0.4756433828125 0.5517578125 0.4756433828125 0.5224609375 0.47219669062499997 0.5205078125 0.47219669062499997 0.4990234375 0.46875 0.4970703125 0.46875 0.4658203125 0.46530330937500003 0.4619140625 0.45668658124999995 0.458984375 0.448069853125 0.4619140625 0.45151654375000005 0.5595703125 0.448069853125 0.5634765625 0.43772977968750004 0.5673828125 0.44289981562499997 0.5703125 0.48598345624999995 0.5693359375 0.4911534921875 0.568359375 0.4928768375 0.5654296875 0.4790900734375 0.5595703125 0.4790900734375 0.5537109375
0 0.21024816249999997 0.5517578125 0.20680147031249999 0.5498046875 0.20680147031249999 0.5205078125 0.20335477968750001 0.5185546875 0.1999080875 0.4736328125 0.1947380515625 0.470703125 0.1809512875 0.470703125 0.17578125 0.4736328125 0.17578125 0.4833984375 0.179227940625 0.4853515625 0.179227940625 0.5791015625 0.1654411765625 0.5849609375 0.1706112125 0.587890625 0.21369485312499997 0.5869140625 0.22231158125 0.5859375 0.22748161718749998 0.5830078125 0.21024816249999997 0.5751953125 0.21024816249999997 0.5517578125
0 0.3515625 0.4169921875 0.355009190625 0.4189453125 0.3515625 0.4228515625 0.3567325375 0.427734375 0.3653492640625 0.4267578125 0.3619025734375 0.3974609375 0.3567325375 0.39453125 0.3515625 0.3974609375 0.3515625 0.4169921875
0 0.6841681984375 0.3828125 0.682444853125 0.4169921875 0.6876148890625 0.419921875 0.6927849265625 0.4189453125 0.6962316171875 0.4169921875 0.6927849265625 0.4111328125 0.6927849265625 0.3857421875 0.6841681984375 0.3828125
0 0.8892463234375001 0.3779296875 0.8892463234375001 0.4091796875 0.9030330875000001 0.4091796875 0.9030330875000001 0.3798828125 0.899586396875 0.3759765625 0.8944163609375 0.375 0.8892463234375001 0.3779296875
5 0.284352021875 0.447265625 0.296415440625 0.4404296875 0.2998621328125 0.4345703125 0.296415440625 0.4248046875 0.2791819859375 0.4130859375 0.2860753671875 0.4013671875 0.263671875 0.400390625 0.24299172812499997 0.40625 0.23954503749999997 0.41015625 0.2154181984375 0.4140625 0.21369485312499997 0.4189453125 0.21714154375 0.4248046875 0.21369485312499997 0.4287109375 0.19818474218749998 0.435546875 0.18267463281250002 0.4306640625 0.18267463281250002 0.4169921875 0.18956801406249998 0.4130859375 0.18956801406249998 0.3935546875 0.1861213234375 0.3876953125 0.1809512875 0.384765625 0.1740579046875 0.384765625 0.17578125 0.3876953125 0.1654411765625 0.3974609375 0.1654411765625 0.4052734375 0.1482077203125 0.4169921875 0.13442095625 0.4228515625 0.1240808828125 0.4345703125 0.13097426406249998 0.4482421875 0.1361443015625 0.451171875 0.155101103125 0.4521484375 0.1740579046875 0.443359375 0.2533318015625 0.44140625 0.267118565625 0.447265625 0.284352021875 0.447265625
2 0.330882353125 0.3916015625 0.3274356625 0.3798828125 0.29469209531249996 0.359375 0.28090533125 0.359375 0.2774586390625 0.357421875 0.24643841875 0.357421875 0.23954503749999997 0.359375 0.237821690625 0.3623046875 0.24126838281250002 0.3662109375 0.237821690625 0.3720703125 0.2481617640625 0.3779296875 0.25160845625 0.3994140625 0.2567784921875 0.40234375 0.260225184375 0.400390625 0.284352021875 0.400390625 0.2826286765625 0.4150390625 0.29469209531249996 0.421875 0.3067555140625 0.4228515625 0.3084788609375 0.419921875 0.3360523890625 0.4140625 0.3412224265625 0.4072265625 0.330882353125 0.3916015625
2 0.07065716875 0.4296875 0.087890625 0.4296875 0.10167738906249998 0.4375 0.1154641546875 0.4375 0.13097426406249998 0.4248046875 0.15854779375 0.4091796875 0.1654411765625 0.4013671875 0.1654411765625 0.3955078125 0.172334559375 0.3916015625 0.1740579046875 0.380859375 0.184397978125 0.3828125 0.1947380515625 0.390625 0.21714154375 0.3818359375 0.21714154375 0.3740234375 0.21024816249999997 0.3701171875 0.20335477968750001 0.3603515625 0.19818474218749998 0.357421875 0.1809512875 0.357421875 0.1775045953125 0.359375 0.143037684375 0.359375 0.13959099218749998 0.361328125 0.1120174625 0.36328125 0.10167738906249998 0.369140625 0.067210478125 0.37890625 0.0534237125 0.38671875 0.0017233453124999999 0.39453125 0 0.4287109375 0.015510110937499998 0.439453125 0.027573529687499997 0.4404296875 0.0430836390625 0.439453125 0.0534237125 0.431640625 0.067210478125 0.431640625 0.07065716875 0.4296875
6 0.41360294062499997 0.4072265625 0.41360294062499997 0.3935546875 0.4170496328125 0.3916015625 0.4204963234375 0.3720703125 0.39809283125 0.357421875 0.39292279375 0.3603515625 0.389476103125 0.3681640625 0.38258272031249996 0.3720703125 0.38258272031249996 0.3818359375 0.389476103125 0.3857421875 0.389476103125 0.4052734375 0.39292279375 0.4072265625 0.39292279375 0.4208984375 0.389476103125 0.4248046875 0.39809283125 0.42578125 0.4049862125 0.419921875 0.40843290468750004 0.423828125 0.4170496328125 0.4248046875 0.4204963234375 0.4228515625 0.41360294062499997 0.4130859375 0.4170496328125 0.4091796875 0.41360294062499997 0.4072265625
6 0.46875 0.3544921875 0.4635799625 0.353515625 0.4584099265625 0.3564453125 0.4549632359375 0.4052734375 0.4825367640625 0.4052734375 0.4825367640625 0.3994140625 0.4790900734375 0.3974609375 0.4790900734375 0.3662109375 0.46875 0.3544921875