5 0.799632353125 0.4892578125 0.7961856625 0.4873046875 0.799632353125 0.4853515625 0.7979090078125 0.470703125 0.7841222421875 0.474609375 0.7651654406249999 0.4853515625 0.7651654406249999 0.4892578125 0.7513786765625 0.4970703125 0.7513786765625 0.5068359375 0.7599954046875 0.51171875 0.77895220625 0.5107421875 0.7841222421875 0.5078125 0.791015625 0.5078125 0.799632353125 0.5029296875 0.799632353125 0.4892578125
5 0.8892463234375001 0.4912109375 0.8892463234375001 0.4873046875 0.8771829046875 0.48046875 0.8737362125000001 0.482421875 0.8461626843750001 0.484375 0.8237591906249999 0.4931640625 0.8203125 0.5087890625 0.828929228125 0.513671875 0.8461626843750001 0.51171875 0.870289521875 0.51953125 0.87890625 0.5185546875 0.8892463234375001 0.5146484375 0.89613970625 0.5068359375 0.89613970625 0.4951171875 0.8892463234375001 0.4912109375
5 0.97886029375 0.4794921875 0.9736902578125 0.4765625 0.94956341875 0.4765625 0.9478400734375001 0.4794921875 0.9306066171875 0.4873046875 0.9271599265624999 0.4990234375 0.9357766546875 0.50390625 0.9530101109375 0.50390625 0.9599034921875 0.5078125 0.9823069859375 0.5068359375 0.9892003671875 0.5009765625 0.9892003671875 0.4951171875 0.97886029375 0.4853515625 0.97886029375 0.4794921875
2 0.9530101109375 0.466796875 0.9478400734375001 0.4697265625 0.9478400734375001 0.4736328125 0.9530101109375 0.4765625 0.9736902578125 0.4765625 0.9823069859375 0.4814453125 0.9823069859375 0.4873046875 0.9892003671875 0.4970703125 0.9995404406249999 0.4970703125 0.9995404406249999 0.4599609375 0.9909237125000001 0.458984375 0.9805836390625 0.462890625 0.9530101109375 0.466796875
1 0.6600413609375 0.42578125 0.653147978125 0.42578125 0.6514246328125 0.4345703125 0.6583180140625 0.4384765625 0.6583180140625 0.4423828125 0.6721047796875 0.4423828125 0.6755514703125 0.4384765625 0.665211396875 0.4365234375 0.665211396875 0.4287109375 0.6600413609375 0.42578125
1 0.6996783093750001 0.4443359375 0.6962316171875 0.4462890625 0.7014016546875 0.44921875 0.7134650734375 0.4482421875 0.7341452203125 0.4443359375 0.7289751843750001 0.43359375 0.6996783093750001 0.4345703125 0.6996783093750001 0.4443359375
1 0.6393612125 0.42578125 0.6186810656249999 0.42578125 0.615234375 0.427734375 0.59800091875 0.427734375 0.594554228125 0.42578125 0.5704273890625 0.42578125 0.5669806984375 0.427734375 0.5635340078125 0.42578125 0.5514705875 0.4287109375 0.548023896875 0.4345703125 0.548023896875 0.4560546875 0.5531939343750001 0.462890625 0.5876608453125 0.462890625 0.5911075375 0.46484375 0.6083409921875 0.46484375 0.6117876843750001 0.466796875 0.615234375 0.46484375 0.623851103125 0.4658203125 0.6307444859375 0.4599609375 0.6307444859375 0.4521484375 0.6410845593750001 0.4501953125 0.6393612125 0.42578125
2 0.04136029375 0.4541015625 0.0448069859375 0.4853515625 0.049977021875 0.48828125 0.0637637875 0.486328125 0.07065716875 0.48828125 0.0775505515625 0.494140625 0.084443934375 0.49609375 0.0930606625 0.4951171875 0.0896139703125 0.4541015625 0.084443934375 0.451171875 0.04653033125 0.451171875 0.04136029375 0.4541015625
2 0.184397978125 0.4609375 0.1706112125 0.45703125 0.1568244484375 0.45703125 0.143037684375 0.453125 0.125804228125 0.453125 0.1223575375 0.451171875 0.113740809375 0.4560546875 0.113740809375 0.4736328125 0.1171875 0.4755859375 0.1189108453125 0.4921875 0.12925091875 0.4921875 0.13269761093750002 0.490234375 0.1706112125 0.490234375 0.1775045953125 0.494140625 0.18956801406249998 0.4931640625 0.20680147031249999 0.4853515625 0.20680147031249999 0.4697265625 0.1947380515625 0.4609375 0.184397978125 0.4609375
4 0.6280924 0.47139686562499994 0.43391781093750004 0.4657255703125 0.3481038828125 0.4677950875 0.5525608265625 0.4760903515625 0.5836011734375 0.4790237796875 0.634300453125 0.4753080984375 0.6280924 0.47139686562499994
4 0.18869907187499999 0.4950598390625 0.116616496875 0.49994888125000003 0.116616496875 0.5107047796875 0.6467165578125 0.4854773109375 0.551967425 0.47840431250000004 0.433228003125 0.4815660734375 0.2014601015625 0.48841073437500004 0.18869907187499999 0.4950598390625
4 0.0933860453125 0.49981398125 0.07338225312499999 0.4951205015625 0.0721253453125 0.4953004859375 0.044756168750000005 0.4968805515625 0.04510105 0.5160456015625 0.09442069374999999 0.5117432453124999 0.0933860453125 0.49981398125