4 0.35628504375 0.424785946875 0.205583621875 0.4227870921875 0.00112331875 0.4202885375 0 0.43727879375 0.3774325859375 0.443809303125 0.40563758281249995 0.436279365625 0.388011675 0.43178194062499997 0.35628504375 0.424785946875
4 0.5378318296875 0.9935154031250001 0.6356555296875 0.5435388453125001 0.66121306875 0.4530906859375 0.505223928125 0.4520912734375 0.4215008453125 0.4500924171875 0.386291884375 0.44581741093750005 0.15006215 0.5017418328125001 0 0.5407194828125 0.00024205 0.9705285968749999 0.5378318296875 0.9935154031250001
6 0.66176470625 0.3701171875 0.66176470625 0.3623046875 0.653147978125 0.361328125 0.6479779406249999 0.3662109375 0.6479779406249999 0.3779296875 0.64453125 0.3798828125 0.64453125 0.3974609375 0.6479779406249999 0.3994140625 0.6479779406249999 0.4150390625 0.6583180140625 0.4248046875 0.6479779406249999 0.4287109375 0.665211396875 0.4287109375 0.665211396875 0.4013671875 0.6721047796875 0.3974609375 0.6721047796875 0.3779296875 0.66176470625 0.3701171875
6 0.62729779375 0.4189453125 0.63246783125 0.421875 0.6410845593750001 0.4208984375 0.6410845593750001 0.4111328125 0.6255744484375 0.41015625 0.623851103125 0.4150390625 0.62729779375 0.4189453125
6 0.6410845593750001 0.3876953125 0.6410845593750001 0.3740234375 0.6341911765625 0.3701171875 0.6307444859375 0.3603515625 0.6221277578125 0.359375 0.6169577203125 0.3642578125 0.6204044125 0.3662109375 0.6204044125 0.3994140625 0.6255744484375 0.408203125 0.6410845593750001 0.4072265625 0.64453125 0.4052734375 0.6410845593750001 0.3994140625 0.64453125 0.3935546875 0.6410845593750001 0.3876953125
6 0.4342830875 0.4013671875 0.4204963234375 0.3857421875 0.4204963234375 0.3818359375 0.4153262875 0.37890625 0.41015625 0.3818359375 0.4032628671875 0.4052734375 0.40670955937500003 0.4072265625 0.40670955937500003 0.4267578125 0.41015625 0.4326171875 0.4204963234375 0.4326171875 0.4239430140625 0.4306640625 0.42738970624999995 0.4111328125 0.4342830875 0.4072265625 0.4342830875 0.4013671875
6 0.4549632359375 0.3759765625 0.448069853125 0.3681640625 0.439453125 0.365234375 0.4342830875 0.3681640625 0.4342830875 0.3759765625 0.42738970624999995 0.3837890625 0.430836396875 0.3857421875 0.4342830875 0.4111328125 0.43772977968750004 0.4130859375 0.4342830875 0.4150390625 0.43772977968750004 0.4189453125 0.4342830875 0.4267578125 0.4446231625 0.4267578125 0.448069853125 0.4248046875 0.448069853125 0.4111328125 0.4549632359375 0.4072265625 0.4549632359375 0.3759765625
6 0.4032628671875 0.4033203125 0.40670955937500003 0.4013671875 0.41015625 0.3818359375 0.3998161765625 0.3740234375 0.3998161765625 0.3701171875 0.3946461390625 0.3671875 0.3877527578125 0.3671875 0.372242646875 0.3837890625 0.372242646875 0.4013671875 0.38258272031249996 0.4111328125 0.3860294125 0.4365234375 0.3963694859375 0.4365234375 0.3998161765625 0.4345703125 0.3998161765625 0.4189453125 0.4032628671875 0.4169921875 0.4032628671875 0.4033203125
6 0.36879595625 0.3974609375 0.36879595625 0.3916015625 0.372242646875 0.3896484375 0.372242646875 0.3837890625 0.369299271875 0.37828385625 0.369299271875 0.374160640625 0.3663232109375 0.36797579375 0.355741771875 0.3681632203125 0.349128353125 0.374160640625 0.3584558828125 0.3798828125 0.3515625 0.3857421875 0.3515625 0.3955078125 0.355009190625 0.3974609375 0.355009190625 0.4111328125 0.3584558828125 0.4130859375 0.3590484609375 0.42307705625 0.3514430484375 0.4279499484375 0.36362591875 0.427734375 0.36879595625 0.4267578125 0.36879595625 0.4052734375 0.372242646875 0.4033203125 0.372242646875 0.3994140625 0.36879595625 0.3974609375
2 0.3377757359375 0.3837890625 0.33432904375 0.3818359375 0.33432904375 0.3798828125 0.325712315625 0.375 0.29469209531249996 0.375 0.29124540468750004 0.376953125 0.2877987125 0.376953125 0.272288603125 0.3857421875 0.272288603125 0.3896484375 0.27573529375 0.3916015625 0.27573529375 0.3955078125 0.2774586390625 0.396484375 0.28090533125 0.396484375 0.284352021875 0.39453125 0.29469209531249996 0.39453125 0.2981387875 0.396484375 0.2998621328125 0.3955078125 0.301585478125 0.39453125 0.3326056984375 0.39453125 0.3377757359375 0.3916015625 0.3377757359375 0.3837890625
2 0.2705652578125 0.396484375 0.27573529375 0.3935546875 0.27573529375 0.3916015625 0.272288603125 0.3896484375 0.272288603125 0.3837890625 0.260225184375 0.376953125 0.22575827187500003 0.376953125 0.22231158125 0.37890625 0.2188648890625 0.37890625 0.21197150781250002 0.3828125 0.208524815625 0.3828125 0.20680147031249999 0.3837890625 0.20680147031249999 0.3857421875 0.20335477968750001 0.3876953125 0.20335477968750001 0.3935546875 0.21197150781250002 0.3984375 0.2154181984375 0.396484375 0.2188648890625 0.396484375 0.22231158125 0.3984375 0.23265165468750001 0.3984375 0.23609834531249999 0.396484375 0.23954503749999997 0.396484375 0.24299172812499997 0.3984375 0.2533318015625 0.3984375 0.255055146875 0.3974609375 0.255055146875 0.3955078125 0.260225184375 0.392578125 0.263671875 0.396484375 0.2705652578125 0.396484375
2 0.20680147031249999 0.3955078125 0.20335477968750001 0.3935546875 0.20335477968750001 0.3876953125 0.1999080875 0.3857421875 0.1999080875 0.3837890625 0.18784466875 0.376953125 0.184397978125 0.376953125 0.1809512875 0.375 0.1775045953125 0.376953125 0.1740579046875 0.375 0.149931065625 0.375 0.146484375 0.376953125 0.143037684375 0.376953125 0.12925091875 0.384765625 0.125804228125 0.384765625 0.120634190625 0.3876953125 0.120634190625 0.3916015625 0.1171875 0.3935546875 0.120634190625 0.3955078125 0.120634190625 0.4013671875 0.1223575375 0.40234375 0.12925091875 0.40234375 0.13269761093750002 0.400390625 0.149931065625 0.400390625 0.15337775781250002 0.40234375 0.1568244484375 0.40234375 0.16027113906249998 0.400390625 0.16371783125 0.400390625 0.167164521875 0.40234375 0.1740579046875 0.40234375 0.17578125 0.4013671875 0.184397978125 0.396484375 0.1947380515625 0.400390625 0.201631434375 0.400390625 0.20680147031249999 0.3955078125
2 0 0.4052734375 0.0017233453124999999 0.40625 0.025850184375 0.40625 0.029296875 0.404296875 0.0361902578125 0.404296875 0.0396369484375 0.40625 0.07065716875 0.40625 0.0741038609375 0.404296875 0.084443934375 0.404296875 0.087890625 0.40234375 0.10167738906249998 0.40625 0.1102941171875 0.4052734375 0.1171875 0.4013671875 0.1171875 0.3955078125 0.113740809375 0.3935546875 0.113740809375 0.3876953125 0.1102941171875 0.3837890625 0.0982306984375 0.376953125 0.091337315625 0.375 0.084443934375 0.375 0.0809972421875 0.373046875 0.049977021875 0.373046875 0.04653033125 0.375 0.025850184375 0.375 0.01206341875 0.380859375 0.008616728125 0.380859375 0 0.3857421875 0 0.4052734375