6 0.47219669062499997 0.4267578125 0.4825367640625 0.4208984375 0.4790900734375 0.3916015625 0.48598345624999995 0.3857421875 0.4825367640625 0.3837890625 0.4790900734375 0.3720703125 0.4618566171875 0.3642578125 0.4618566171875 0.3583984375 0.46530330937500003 0.3564453125 0.4618566171875 0.3525390625 0.4497931984375 0.34765625 0.44289981562499997 0.349609375 0.43772977968750004 0.3544921875 0.44117647031249996 0.3662109375 0.42738970624999995 0.3720703125 0.4239430140625 0.3857421875 0.4170496328125 0.3896484375 0.4256663609375 0.390625 0.430836396875 0.3935546875 0.430836396875 0.4228515625 0.43772977968750004 0.4267578125 0.43772977968750004 0.4404296875 0.44117647031249996 0.4423828125 0.44117647031249996 0.4501953125 0.430836396875 0.4580078125 0.43600643437500003 0.4609375 0.44289981562499997 0.4609375 0.4532398890625 0.453125 0.4584099265625 0.4560546875 0.460133271875 0.462890625 0.47219669062499997 0.4619140625 0.4756433828125 0.4599609375 0.46875 0.4521484375 0.47219669062499997 0.4482421875 0.47219669062499997 0.4267578125
6 0.0637637875 0.4140625 0.067210478125 0.421875 0.07582720625 0.4189453125 0.07582720625 0.4150390625 0.0637637875 0.408203125 0.0568704046875 0.408203125 0.0517003671875 0.4033203125 0.055147059374999995 0.3974609375 0.055147059374999995 0.3759765625 0.0517003671875 0.3740234375 0.0517003671875 0.3681640625 0.0448069859375 0.3642578125 0.0448069859375 0.3564453125 0.0361902578125 0.353515625 0.027573529687499997 0.3603515625 0.031020220312500003 0.3642578125 0.027573529687499997 0.3759765625 0.013786764062500002 0.3876953125 0.0189568015625 0.390625 0.025850184375 0.388671875 0.031020220312500003 0.3935546875 0.031020220312500003 0.4189453125 0.027573529687499997 0.4208984375 0.032743565625 0.423828125 0.04136029375 0.4228515625 0.04136029375 0.4130859375 0.04653033125 0.41015625 0.0568704046875 0.4140625 0.0637637875 0.4140625
6 0.096507353125 0.3916015625 0.096507353125 0.3876953125 0.0930606625 0.3857421875 0.0930606625 0.3720703125 0.0896139703125 0.3701171875 0.0896139703125 0.3603515625 0.084443934375 0.359375 0.079273896875 0.3623046875 0.079273896875 0.3662109375 0.07582720625 0.3681640625 0.07582720625 0.3818359375 0.079273896875 0.3837890625 0.079273896875 0.4130859375 0.0809972421875 0.4140625 0.087890625 0.4140625 0.091337315625 0.412109375 0.0947840078125 0.412109375 0.0982306984375 0.4140625 0.09995404375 0.4130859375 0.10340073593750002 0.4111328125 0.09995404375 0.4091796875 0.09995404375 0.3935546875 0.096507353125 0.3916015625
4 0.051319871875 0.4257721421875 0.3638807671875 0.42962655468750005 0.371727471875 0.42636513125000003 0.3633576328125 0.41287468125000004 0.1258636890625 0.4134676703125 0.0782602734375 0.417766821875 0.07433690625 0.42354844218750004 0.051319871875 0.4257721421875
4 0.4017055125 0.4288886984375 0.43518483750000003 0.430519409375 0.4330923859375 0.4254790203125 0.4302152453125 0.41702895937499995 0.428384346875 0.4136192875 0.413603703125 0.41328356718750003 0.41059845624999997 0.41599123281250006 0.40301330625 0.41732545937500004 0.4017055125 0.4288886984375
4 0.5183600328125 0.413322790625 0.49165555312500003 0.413018721875 0.4825267015625 0.41584298906250006 0.48383449375 0.42177285624999994 0.5183600328125 0.413322790625
4 0 0.9119309859375001 0.6567809859375 0.9517625328125 0.7425717671875 0.43916452968749997 0.5840680828125 0.4394610296875 0.474830003125 0.43632522187499995 0.4727919046875 0.4473691203125 0.46939163125 0.45270600781250003 0.47723836249999996 0.46056307500000004 0.4746228046875 0.46382450156250005 0.36906213125 0.46352800937499994 0.36278474374999997 0.458339375 0.3575535703125 0.4580428828125 0 0.5486695 0 0.9119309859375001
6 0.3998161765625 0.4462890625 0.3998161765625 0.4208984375 0.41015625 0.4150390625 0.40670955937500003 0.3916015625 0.4170496328125 0.3876953125 0.4170496328125 0.3837890625 0.41015625 0.3720703125 0.389476103125 0.3623046875 0.3963694859375 0.3564453125 0.39292279375 0.3486328125 0.3877527578125 0.345703125 0.377412684375 0.345703125 0.372242646875 0.3486328125 0.3756893375 0.3623046875 0.3584558828125 0.3701171875 0.355009190625 0.3818359375 0.3515625 0.3837890625 0.3515625 0.3896484375 0.3584558828125 0.3935546875 0.3584558828125 0.3994140625 0.3619025734375 0.4013671875 0.3619025734375 0.4150390625 0.36879595625 0.4189453125 0.36879595625 0.4248046875 0.372242646875 0.4267578125 0.36879595625 0.4482421875 0.3619025734375 0.4541015625 0.3619025734375 0.4580078125 0.3705193015625 0.462890625 0.3756893375 0.4599609375 0.37913602968750004 0.4423828125 0.384306065625 0.439453125 0.389476103125 0.4482421875 0.3860294125 0.4619140625 0.3998161765625 0.4619140625 0.40670955937500003 0.4599609375 0.3963694859375 0.4541015625 0.3963694859375 0.4482421875 0.3998161765625 0.4462890625
2 0.19129136093750002 0.396484375 0.196461396875 0.3916015625 0.19301470625 0.3759765625 0.1706112125 0.365234375 0.15337775781250002 0.365234375 0.149931065625 0.36328125 0.146484375 0.365234375 0.1154641546875 0.365234375 0.108570771875 0.3671875 0.10340073593750002 0.3701171875 0.10340073593750002 0.3779296875 0.10684742656249999 0.3798828125 0.10340073593750002 0.3916015625 0.1120174625 0.396484375 0.13097426406249998 0.3974609375 0.15337775781250002 0.396484375 0.1568244484375 0.39453125 0.1809512875 0.39453125 0.19129136093750002 0.396484375
2 0.3515625 0.3779296875 0.33949908125 0.3671875 0.325712315625 0.3671875 0.322265625 0.365234375 0.301585478125 0.3671875 0.2877987125 0.37109375 0.2791819859375 0.3779296875 0.2791819859375 0.3857421875 0.284352021875 0.388671875 0.29469209531249996 0.38671875 0.30503216875 0.388671875 0.3119255515625 0.38671875 0.322265625 0.388671875 0.330882353125 0.3876953125 0.3326056984375 0.384765625 0.3463924625 0.38671875 0.3515625 0.3837890625 0.3515625 0.3779296875
2 0.2774586390625 0.390625 0.2791819859375 0.3896484375 0.2791819859375 0.3779296875 0.27573529375 0.3759765625 0.27573529375 0.3740234375 0.263671875 0.3671875 0.2567784921875 0.3671875 0.2533318015625 0.365234375 0.22231158125 0.365234375 0.21714154375 0.3681640625 0.21714154375 0.3740234375 0.2205882359375 0.3759765625 0.2205882359375 0.3798828125 0.2240349265625 0.3818359375 0.2240349265625 0.3896484375 0.22920496250000003 0.392578125 0.23265165468750001 0.392578125 0.23609834531249999 0.390625 0.23954503749999997 0.390625 0.24299172812499997 0.392578125 0.2498851109375 0.392578125 0.25160845625 0.3916015625 0.2567784921875 0.388671875 0.267118565625 0.388671875 0.2705652578125 0.390625 0.2774586390625 0.390625