5 0.6428079046875 0.462890625 0.65659466875 0.46875 0.6583180140625 0.4677734375 0.6583180140625 0.4619140625 0.6376378671875 0.4462890625 0.6341911765625 0.4404296875 0.6376378671875 0.4365234375 0.6341911765625 0.4345703125 0.6341911765625 0.4267578125 0.6255744484375 0.421875 0.6014476109375 0.421875 0.5911075375 0.423828125 0.556640625 0.435546875 0.5514705875 0.4384765625 0.5514705875 0.4541015625 0.53940716875 0.466796875 0.5290670953125 0.466796875 0.5221737125 0.4609375 0.51528033125 0.4609375 0.5049402578125 0.455078125 0.498046875 0.4609375 0.4842601109375 0.4609375 0.4739200375 0.46875 0.4635799625 0.470703125 0.460133271875 0.46875 0.4497931984375 0.46875 0.4463465078125 0.470703125 0.4446231625 0.4619140625 0.45151654375000005 0.4580078125 0.45151654375000005 0.4541015625 0.4446231625 0.4521484375 0.4446231625 0.4462890625 0.44117647031249996 0.4443359375 0.4463465078125 0.439453125 0.4635799625 0.4375 0.46875 0.4345703125 0.46875 0.4072265625 0.460133271875 0.40625 0.43600643437500003 0.421875 0.418772978125 0.423828125 0.40670955937500003 0.4306640625 0.4032628671875 0.4423828125 0.3860294125 0.4482421875 0.3860294125 0.4521484375 0.3756893375 0.4599609375 0.37913602968750004 0.4619140625 0.37913602968750004 0.4736328125 0.38258272031249996 0.4775390625 0.39809283125 0.484375 0.40843290468750004 0.486328125 0.43600643437500003 0.482421875 0.4463465078125 0.47265625 0.46702665468750004 0.478515625 0.5325137875 0.4765625 0.535960478125 0.478515625 0.57387408125 0.478515625 0.594554228125 0.486328125 0.6169577203125 0.4853515625 0.6341911765625 0.4794921875 0.6410845593750001 0.4697265625 0.6376378671875 0.4677734375 0.6428079046875 0.462890625
2 0.108570771875 0.3984375 0.113740809375 0.3955078125 0.113740809375 0.3798828125 0.091337315625 0.3671875 0.0809972421875 0.365234375 0.0396369484375 0.365234375 0.0361902578125 0.3671875 0.0224034921875 0.3671875 0 0.3779296875 0.0017233453124999999 0.400390625 0.008616728125 0.3984375 0.0654871328125 0.3994140625 0.0775505515625 0.39453125 0.091337315625 0.39453125 0.10167738906249998 0.3984375 0.108570771875 0.3984375
2 0.1568244484375 0.39453125 0.16027113906249998 0.392578125 0.16371783125 0.39453125 0.1740579046875 0.39453125 0.1809512875 0.390625 0.19818474218749998 0.392578125 0.20335477968750001 0.3896484375 0.1999080875 0.3779296875 0.19129136093750002 0.37109375 0.1775045953125 0.3671875 0.13959099218749998 0.369140625 0.1171875 0.3818359375 0.1171875 0.3935546875 0.1223575375 0.396484375 0.1275275734375 0.3955078125 0.13269761093750002 0.392578125 0.143037684375 0.392578125 0.146484375 0.39453125 0.1568244484375 0.39453125
2 0.22575827187500003 0.369140625 0.205078125 0.375 0.1999080875 0.3798828125 0.201631434375 0.390625 0.23265165468750001 0.390625 0.23609834531249999 0.388671875 0.23954503749999997 0.390625 0.2498851109375 0.390625 0.2533318015625 0.388671875 0.2688419125 0.3896484375 0.272288603125 0.3876953125 0.2688419125 0.3759765625 0.2533318015625 0.369140625 0.22575827187500003 0.369140625
2 0.29124540468750004 0.3671875 0.272288603125 0.3759765625 0.2740119484375 0.388671875 0.284352021875 0.38671875 0.29124540468750004 0.388671875 0.301585478125 0.38671875 0.3084788609375 0.388671875 0.318818934375 0.38671875 0.325712315625 0.388671875 0.330882353125 0.3876953125 0.33432904375 0.3857421875 0.33432904375 0.3759765625 0.322265625 0.3671875 0.29124540468750004 0.3671875
6 0.3911994484375 0.359375 0.37913602968750004 0.3720703125 0.37913602968750004 0.3896484375 0.3860294125 0.3974609375 0.38258272031249996 0.3994140625 0.3860294125 0.4033203125 0.3860294125 0.4169921875 0.4032628671875 0.4169921875 0.40670955937500003 0.4150390625 0.41015625 0.3759765625 0.3998161765625 0.3603515625 0.3911994484375 0.359375
6 0.430836396875 0.3759765625 0.42738970624999995 0.3701171875 0.42221966875000005 0.369140625 0.41360294062499997 0.3759765625 0.41360294062499997 0.3818359375 0.41015625 0.3837890625 0.41360294062499997 0.3955078125 0.4170496328125 0.3974609375 0.4170496328125 0.4169921875 0.4342830875 0.4169921875 0.4342830875 0.4072265625 0.43772977968750004 0.4052734375 0.43772977968750004 0.3798828125 0.430836396875 0.3759765625
6 0.44289981562499997 0.357421875 0.43772977968750004 0.3603515625 0.43772977968750004 0.3662109375 0.44117647031249996 0.3681640625 0.43772977968750004 0.3740234375 0.43772977968750004 0.3798828125 0.44117647031249996 0.3818359375 0.43772977968750004 0.4052734375 0.44289981562499997 0.41015625 0.448069853125 0.4091796875 0.4618566171875 0.3935546875 0.4618566171875 0.3662109375 0.4497931984375 0.357421875 0.44289981562499997 0.357421875
6 0.6789981625 0.3818359375 0.6789981625 0.3681640625 0.6686580875 0.3544921875 0.6600413609375 0.353515625 0.6514246328125 0.3603515625 0.6548713234375 0.3642578125 0.6479779406249999 0.3701171875 0.6479779406249999 0.3837890625 0.6514246328125 0.3857421875 0.6514246328125 0.3974609375 0.6686580875 0.3974609375 0.6686580875 0.3935546875 0.6755514703125 0.3896484375 0.6755514703125 0.3837890625 0.6789981625 0.3818359375
6 0.72035845625 0.3955078125 0.7169117640625 0.3896484375 0.72035845625 0.3876953125 0.723805146875 0.3740234375 0.7134650734375 0.3623046875 0.7134650734375 0.3564453125 0.7048483453125 0.353515625 0.703125 0.3662109375 0.6996783093750001 0.3681640625 0.703125 0.4208984375 0.711741728125 0.423828125 0.7169117640625 0.4228515625 0.72035845625 0.4208984375 0.72035845625 0.4072265625 0.7169117640625 0.4052734375 0.72035845625 0.3955078125
4 0 0.4296986078125 0.376346078125 0.4361738921875 0.40709163281249994 0.42994766406249996 0.43212730468749994 0.41774426875000004 0.2928938421875 0.41774426875000004 0 0.41400854374999996 0 0.4296986078125
4 0.6284596484375 0.9841501390625 0.6665234156250001 0.4459497984375 0.6450015234375 0.4459497984375 0.6441230765625 0.45242506093749996 0.6621311890625 0.4666208390625 0.6594958531249999 0.4706056125 0.647197621875 0.4618889109375 0.6414877421875 0.460892715625 0.6397308515625 0.47508848437499995 0.622161975 0.487291871875 0.5865849609375 0.48704283125 0.575604396875 0.47807707187500004 0.44208085312499995 0.477329925 0.43724940468750007 0.4825599515625 0.41618160781249997 0.486544725 0.3937812703125 0.485050446875 0.3845575953125 0.47757897343750005 0.3762123671875 0.467866075 0.37753004843750004 0.460892715625 0.3828007046875 0.45466650937499997 0.390769321875 0.44136446406249996 0.269615059375 0.46906213750000003 0 0.5397919703125 0.0008110593750000001 0.954015234375 0.6284596484375 0.9841501390625