5 0.9319094109374999 0.485693640625 0.9352543265625 0.479371428125 0.9363693453125 0.471784796875 0.92543658125 0.46484375 0.9099264703125 0.4716796875 0.9099264703125 0.4755859375 0.9030330875000001 0.4814453125 0.9185431984375001 0.482421875 0.9237132359375 0.4853515625 0.92026654375 0.4912109375 0.9237132359375 0.4990234375 0.916819853125 0.5009765625 0.928883271875 0.505859375 0.9375 0.5048828125 0.9443933828125 0.5029296875 0.9443933828125 0.4951171875 0.9324668859375 0.49422859218750004 0.9319094109374999 0.485693640625
5 0.958180146875 0.4892578125 0.958180146875 0.4990234375 0.95473345625 0.5029296875 0.9599034921875 0.505859375 0.9805836390625 0.505859375 0.9943704046875 0.51171875 0.9995404406249999 0.5107421875 0.9995404406249999 0.4794921875 0.9909237125000001 0.4765625 0.9771369484375001 0.4765625 0.958180146875 0.4892578125
5 0.8272058828125 0.5029296875 0.8306525734375001 0.4990234375 0.8272058828125 0.4970703125 0.8272058828125 0.4833984375 0.8306525734375001 0.4794921875 0.8254825374999999 0.474609375 0.8185891546875 0.474609375 0.7927389703125 0.4892578125 0.7892922796875 0.4951171875 0.77895220625 0.5009765625 0.77895220625 0.5107421875 0.782398896875 0.5146484375 0.791015625 0.517578125 0.799632353125 0.5166015625 0.811695771875 0.515625 0.8220358453125 0.51171875 0.8306525734375001 0.5048828125 0.8272058828125 0.5029296875
5 0.9237132359375 0.4833984375 0.9185431984375001 0.48046875 0.9047564343750001 0.48046875 0.8771829046875 0.48828125 0.870289521875 0.48828125 0.8599494484375001 0.4921875 0.8478860296875 0.5009765625 0.8478860296875 0.5126953125 0.8530560656249999 0.515625 0.8737362125000001 0.515625 0.8840762874999999 0.517578125 0.89096966875 0.521484375 0.916819853125 0.5205078125 0.9237132359375 0.5146484375 0.9237132359375 0.5029296875 0.92026654375 0.5009765625 0.9237132359375 0.4833984375
4 0.67286510625 0.492235340625 0.5733299546875 0.4852630734375 0.1293111015625 0.5067764046875001 0.13042606875 0.5273235406250001 0.40415432500000004 0.504879734375 0.67286510625 0.492235340625
4 0.4875290078125 0.47578704062500005 0.4401472734375 0.47993977499999996 0.6005290328124999 0.4858270421875 0.656546075 0.48327139687500004 0.6552583640625 0.4785252203125 0.4875290078125 0.47578704062500005
4 0.10486597499999999 0.5087321109375 0.056433778125 0.5123823453125 0.0602970390625 0.531184534375 0.1069779609375 0.5269859953125 0.10486597499999999 0.5087321109375
2 0.055147059374999995 0.4677734375 0.055147059374999995 0.4814453125 0.0603170953125 0.484375 0.067210478125 0.486328125 0.096507353125 0.4853515625 0.09995404375 0.4833984375 0.0982306984375 0.46484375 0.0603170953125 0.46484375 0.055147059374999995 0.4677734375
2 0.16371783125 0.466796875 0.149931065625 0.462890625 0.12925091875 0.462890625 0.1240808828125 0.4658203125 0.1240808828125 0.4814453125 0.12925091875 0.484375 0.13959099218749998 0.482421875 0.149931065625 0.484375 0.1861213234375 0.4833984375 0.196461396875 0.4775390625 0.196461396875 0.4736328125 0.18784466875 0.46875 0.16371783125 0.466796875
2 0.401539521875 0.458984375 0.39809283125 0.45703125 0.36362591875 0.458984375 0.3463924625 0.46484375 0.3412224265625 0.4697265625 0.3412224265625 0.4755859375 0.3463924625 0.48046875 0.3567325375 0.48046875 0.360179228125 0.478515625 0.3670726109375 0.48046875 0.384306065625 0.48046875 0.3877527578125 0.478515625 0.43772977968750004 0.4794921875 0.44117647031249996 0.4775390625 0.44117647031249996 0.4716796875 0.41187959531249996 0.458984375 0.401539521875 0.458984375
2 0.5428538609375 0.458984375 0.5238970593750001 0.4658203125 0.5238970593750001 0.4697265625 0.5290670953125 0.47265625 0.5549172796875 0.4716796875 0.577320771875 0.470703125 0.5790441171875 0.4638671875 0.5704273890625 0.458984375 0.5428538609375 0.458984375
2 0.44289981562499997 0.455078125 0.439453125 0.45703125 0.42221966875000005 0.45703125 0.4170496328125 0.4599609375 0.42221966875000005 0.46484375 0.4325597421875 0.466796875 0.4463465078125 0.474609375 0.4532398890625 0.47265625 0.4635799625 0.474609375 0.4790900734375 0.4736328125 0.4825367640625 0.4716796875 0.4756433828125 0.4619140625 0.4635799625 0.45703125 0.44289981562499997 0.455078125