0 0.18267463281250002 0.4619140625 0.1861213234375 0.4736328125 0.20335477968750001 0.4736328125 0.1999080875 0.4501953125 0.18784466875 0.44921875 0.1861213234375 0.4599609375 0.18267463281250002 0.4619140625
0 0.19129136093750002 0.505859375 0.1861213234375 0.5087890625 0.1861213234375 0.5224609375 0.18267463281250002 0.5283203125 0.21024816249999997 0.5283203125 0.21714154375 0.5263671875 0.21024816249999997 0.5224609375 0.20680147031249999 0.5068359375 0.19129136093750002 0.505859375
0 0.4618566171875 0.4384765625 0.45668658124999995 0.435546875 0.4497931984375 0.435546875 0.4446231625 0.4404296875 0.4446231625 0.4521484375 0.448069853125 0.4541015625 0.4446231625 0.4833984375 0.448069853125 0.4853515625 0.448069853125 0.4931640625 0.44117647031249996 0.5009765625 0.46875 0.5009765625 0.46530330937500003 0.4951171875 0.46530330937500003 0.4736328125 0.4618566171875 0.4716796875 0.4618566171875 0.4384765625
0 0.723805146875 0.4306640625 0.72035845625 0.4853515625 0.7134650734375 0.4892578125 0.7186351109375 0.4921875 0.741038603125 0.4912109375 0.7375919125 0.4853515625 0.7375919125 0.4287109375 0.7289751843750001 0.427734375 0.723805146875 0.4306640625
4 1 0.4183456375 0.8133740406250001 0.42229395312499995 0.8187213609375 0.4340856015625 0.8187213609375 0.437688725 0.8277549859375 0.4399643875 0.8501717640625 0.44925665156249994 0.8478297156249999 0.46556553593750005 0.8705810656249999 0.47675418125 0.8735922984375 0.4761852859375 0.8762689218749999 0.42650008125000005 0.88630626875 0.424793334375 0.891324978125 0.42896537187500006 0.8899866484375 0.48396043750000006 0.8993548468749999 0.4890806578125 1 0.4885117515625 1 0.4183456375
0 0.8754595593750001 0.4287109375 0.8754595593750001 0.4619140625 0.8720128671875 0.4638671875 0.8720128671875 0.4853515625 0.8685661765624999 0.4892578125 0.89613970625 0.4892578125 0.8892463234375001 0.4814453125 0.8892463234375001 0.4287109375 0.8806295953125 0.42578125 0.8754595593750001 0.4287109375
5 0.72035845625 0.4580078125 0.723805146875 0.4560546875 0.72035845625 0.4462890625 0.723805146875 0.4404296875 0.7186351109375 0.4375 0.711741728125 0.435546875 0.6807215078125 0.435546875 0.6703814343750001 0.43359375 0.6514246328125 0.4423828125 0.6548713234375 0.4482421875 0.6479779406249999 0.4599609375 0.6669347421875 0.47265625 0.682444853125 0.4736328125 0.69106158125 0.47265625 0.7048483453125 0.466796875 0.72035845625 0.4658203125 0.72035845625 0.4580078125
5 0.8220358453125 0.439453125 0.8168658093750001 0.4365234375 0.8168658093750001 0.4267578125 0.80824908125 0.421875 0.8013556984375001 0.421875 0.7961856625 0.4189453125 0.7961856625 0.4150390625 0.7806755515625 0.40625 0.7720588234375 0.4111328125 0.7720588234375 0.4169921875 0.782398896875 0.4248046875 0.782398896875 0.4287109375 0.80307904375 0.4384765625 0.799632353125 0.4482421875 0.791015625 0.455078125 0.7841222421875 0.453125 0.7427619484375 0.455078125 0.741038603125 0.4658203125 0.7772288609375 0.466796875 0.7979090078125 0.462890625 0.811695771875 0.470703125 0.8340992640625 0.4697265625 0.8478860296875 0.4638671875 0.8478860296875 0.4501953125 0.8358226109375 0.44140625 0.8220358453125 0.439453125
2 0.2481617640625 0.4228515625 0.2447150734375 0.4208984375 0.2481617640625 0.4111328125 0.23954503749999997 0.40625 0.184397978125 0.404296875 0.16371783125 0.39453125 0.149931065625 0.390625 0.13959099218749998 0.390625 0.137867646875 0.4169921875 0.143037684375 0.419921875 0.149931065625 0.419921875 0.172334559375 0.4267578125 0.1654411765625 0.4326171875 0.1654411765625 0.4384765625 0.1809512875 0.453125 0.18784466875 0.44921875 0.19818474218749998 0.44921875 0.1999080875 0.4521484375 0.208524815625 0.45703125 0.21024816249999997 0.4560546875 0.22231158125 0.44921875 0.24299172812499997 0.451171875 0.25160845625 0.4462890625 0.2481617640625 0.4228515625
2 0.4463465078125 0.376953125 0.44289981562499997 0.375 0.4049862125 0.375 0.3946461390625 0.376953125 0.3756893375 0.3857421875 0.3619025734375 0.3994140625 0.3670726109375 0.421875 0.3739659921875 0.421875 0.380859375 0.41796875 0.3946461390625 0.423828125 0.401539521875 0.423828125 0.40843290468750004 0.419921875 0.4256663609375 0.419921875 0.4291130515625 0.41796875 0.43600643437500003 0.419921875 0.4635799625 0.41796875 0.4739200375 0.423828125 0.4825367640625 0.4228515625 0.48598345624999995 0.4208984375 0.48598345624999995 0.3916015625 0.4635799625 0.376953125 0.4463465078125 0.376953125
2 0.5669806984375 0.380859375 0.5583639703125 0.3857421875 0.5514705875 0.3935546875 0.5514705875 0.4072265625 0.548023896875 0.4091796875 0.5531939343750001 0.416015625 0.5600873156249999 0.416015625 0.5669806984375 0.412109375 0.6083409921875 0.412109375 0.615234375 0.416015625 0.623851103125 0.4150390625 0.623851103125 0.3935546875 0.6117876843750001 0.3828125 0.6014476109375 0.380859375 0.5669806984375 0.380859375
1 0.3998161765625 0.3681640625 0.3911994484375 0.36328125 0.384306065625 0.36328125 0.36362591875 0.357421875 0.33949908125 0.357421875 0.3360523890625 0.359375 0.3153722421875 0.361328125 0.313648896875 0.3779296875 0.3274356625 0.3896484375 0.3377757359375 0.3935546875 0.3377757359375 0.4013671875 0.342945771875 0.404296875 0.3619025734375 0.4033203125 0.36879595625 0.3896484375 0.37913602968750004 0.3818359375 0.3963694859375 0.3740234375 0.3998161765625 0.3681640625