5 0 0.8232421875 0.008616728125 0.826171875 0.013786764062500002 0.8251953125 0.067210478125 0.806640625 0.0930606625 0.7919921875 0.0982306984375 0.78515625 0.1361443015625 0.802734375 0.1568244484375 0.806640625 0.18784466875 0.80859375 0.19129136093750002 0.806640625 0.21197150781250002 0.8046875 0.24643841875 0.7890625 0.2585018375 0.7802734375 0.2826286765625 0.7529296875 0.2860753671875 0.7412109375 0.289522059375 0.7392578125 0.289522059375 0.7314453125 0.29296875 0.7294921875 0.29296875 0.6923828125 0.289522059375 0.6904296875 0.289522059375 0.6826171875 0.2826286765625 0.6708984375 0.26539522031249996 0.6513671875 0.2533318015625 0.64453125 0.22920496250000003 0.63671875 0.2240349265625 0.6337890625 0.22748161718749998 0.6279296875 0.22231158125 0.625 0.21369485312499997 0.6240234375 0.21369485312499997 0.6201171875 0.234375 0.6025390625 0.234375 0.5849609375 0.2240349265625 0.5693359375 0.2205882359375 0.5537109375 0.21714154375 0.5517578125 0.21714154375 0.5478515625 0.2240349265625 0.5419921875 0.2188648890625 0.5390625 0.201631434375 0.5390625 0.143037684375 0.50390625 0.1154641546875 0.4921875 0.0982306984375 0.490234375 0.0809972421875 0.48046875 0.07065716875 0.478515625 0.0430836390625 0.484375 0.0189568015625 0.49609375 0.01206341875 0.49609375 0 0.5029296875 0 0.5927734375 0.0034466906249999998 0.5947265625 0.0034466906249999998 0.6005859375 0 0.6025390625 0 0.8232421875
7 0.2585018375 0.5146484375 0.2705652578125 0.51171875 0.2791819859375 0.5048828125 0.27573529375 0.4873046875 0.284352021875 0.486328125 0.289522059375 0.4833984375 0.289522059375 0.4775390625 0.29296875 0.4755859375 0.29296875 0.4638671875 0.2791819859375 0.4404296875 0.2705652578125 0.435546875 0.24299172812499997 0.427734375 0.1809512875 0.419921875 0.1654411765625 0.4111328125 0.1654411765625 0.4072265625 0.1568244484375 0.40234375 0.146484375 0.40234375 0.12925091875 0.390625 0.0809972421875 0.369140625 0.0603170953125 0.36328125 0.0189568015625 0.359375 0.015510110937499998 0.357421875 0.0017233453124999999 0.357421875 0 0.4951171875 0.01206341875 0.49609375 0.0534237125 0.48046875 0.0741038609375 0.478515625 0.0947840078125 0.48828125 0.1154641546875 0.4921875 0.149931065625 0.505859375 0.1740579046875 0.51953125 0.19129136093750002 0.517578125 0.19301470625 0.5244140625 0.19818474218749998 0.52734375 0.20680147031249999 0.5283203125 0.23954503749999997 0.52734375 0.24643841875 0.525390625 0.2585018375 0.5185546875 0.2585018375 0.5146484375
5 0.7772288609375 0.513671875 0.791015625 0.513671875 0.80824908125 0.509765625 0.8185891546875 0.515625 0.8254825374999999 0.515625 0.8340992640625 0.5107421875 0.83754595625 0.5009765625 0.828929228125 0.4921875 0.8185891546875 0.498046875 0.80307904375 0.4970703125 0.7927389703125 0.4892578125 0.7927389703125 0.4775390625 0.799632353125 0.4736328125 0.791015625 0.466796875 0.7806755515625 0.46484375 0.77378216875 0.4609375 0.7427619484375 0.458984375 0.7289751843750001 0.455078125 0.7134650734375 0.4619140625 0.7134650734375 0.4658203125 0.6962316171875 0.4814453125 0.6996783093750001 0.4912109375 0.6927849265625 0.4951171875 0.6927849265625 0.5048828125 0.6996783093750001 0.5146484375 0.71518841875 0.52734375 0.7220818015625 0.529296875 0.7375919125 0.5283203125 0.74448529375 0.5244140625 0.7462086390625 0.51953125 0.7565487125 0.51953125 0.7772288609375 0.513671875
5 0.9099264703125 0.4736328125 0.9030330875000001 0.4638671875 0.89613970625 0.4599609375 0.8926930140625 0.4521484375 0.8806295953125 0.4453125 0.8633961390625 0.44140625 0.8427159921875 0.44140625 0.8340992640625 0.4501953125 0.8340992640625 0.4599609375 0.83754595625 0.4619140625 0.83754595625 0.4833984375 0.8340992640625 0.4853515625 0.8340992640625 0.4912109375 0.8461626843750001 0.505859375 0.8651194859375 0.5048828125 0.8737362125000001 0.498046875 0.9047564343750001 0.49609375 0.9099264703125 0.4931640625 0.9099264703125 0.4736328125
5 0.6135110296875 0.4677734375 0.6100643375 0.4658203125 0.606617646875 0.4521484375 0.59800091875 0.443359375 0.5911075375 0.44140625 0.556640625 0.44140625 0.5514705875 0.4501953125 0.5514705875 0.4619140625 0.548023896875 0.4638671875 0.548023896875 0.4775390625 0.54457720625 0.4794921875 0.5497472421875 0.484375 0.5583639703125 0.4853515625 0.5635340078125 0.494140625 0.5790441171875 0.4931640625 0.5824908093750001 0.4892578125 0.594554228125 0.484375 0.6169577203125 0.4833984375 0.6135110296875 0.4677734375
5 0.5514705875 0.4404296875 0.548023896875 0.4365234375 0.535960478125 0.431640625 0.5118336390625 0.4296875 0.506663603125 0.4326171875 0.506663603125 0.4462890625 0.49977022031249996 0.4501953125 0.5032169125 0.4677734375 0.518727021875 0.48046875 0.5342371328125 0.4794921875 0.548023896875 0.4697265625 0.548023896875 0.4638671875 0.5514705875 0.4619140625 0.5514705875 0.4404296875
5 0.42738970624999995 0.4873046875 0.4446231625 0.4794921875 0.4446231625 0.4736328125 0.448069853125 0.4716796875 0.44117647031249996 0.4658203125 0.44117647031249996 0.4560546875 0.4342830875 0.4501953125 0.4342830875 0.4462890625 0.430836396875 0.4423828125 0.418772978125 0.4375 0.4153262875 0.439453125 0.380859375 0.439453125 0.372242646875 0.4501953125 0.36879595625 0.4873046875 0.377412684375 0.490234375 0.3877527578125 0.490234375 0.39292279375 0.4931640625 0.39292279375 0.4990234375 0.39809283125 0.501953125 0.4032628671875 0.5009765625 0.41015625 0.4970703125 0.41187959531249996 0.4921875 0.4256663609375 0.490234375 0.42738970624999995 0.4873046875
5 1 0.4633703359375 0.93217433125 0.46029660000000006 0.9345847046875001 0.47703146093750004 1 0.479763665625 1 0.4633703359375
4 0.6929541375 0.46405340781250004 0.6959669390625 0.4555152171875 0.631447103125 0.4536230859375 0.630889371875 0.46815173750000005 0.661620475 0.4702008984375 0.6929541375 0.46405340781250004
4 0.50374710625 0.4548321546875 0.45217125312500006 0.454233234375 0.4513235046875 0.46473644375 0.5013368 0.467468675 0.50374710625 0.4548321546875
1 0.6927849265625 0.4169921875 0.703125 0.4111328125 0.703125 0.4072265625 0.7169117640625 0.3994140625 0.723805146875 0.3876953125 0.732421875 0.3828125 0.7462086390625 0.3828125 0.74965533125 0.380859375 0.7599954046875 0.380859375 0.7634420953125 0.3828125 0.7668887875 0.380859375 0.7841222421875 0.380859375 0.791015625 0.3828125 0.799632353125 0.3916015625 0.799632353125 0.4091796875 0.811695771875 0.4140625 0.8203125 0.4111328125 0.8203125 0.4033203125 0.8168658093750001 0.4013671875 0.8203125 0.3544921875 0.8134191171875 0.3447265625 0.8134191171875 0.3369140625 0.80824908125 0.333984375 0.7979090078125 0.33203125 0.770335478125 0.33203125 0.7599954046875 0.328125 0.753102021875 0.328125 0.7462086390625 0.32421875 0.7014016546875 0.32421875 0.6979549625 0.326171875 0.6634880515625 0.326171875 0.6600413609375 0.328125 0.6083409921875 0.328125 0.6048943015625 0.330078125 0.5842141546875 0.330078125 0.57387408125 0.33203125 0.5600873156249999 0.33984375 0.3946461390625 0.341796875 0.3911994484375 0.34375 0.3360523890625 0.34375 0.3326056984375 0.345703125 0.284352021875 0.345703125 0.28090533125 0.34765625 0.208524815625 0.34765625 0.196461396875 0.3525390625 0.1999080875 0.3955078125 0.20335477968750001 0.3974609375 0.20335477968750001 0.4072265625 0.208524815625 0.4140625 0.2188648890625 0.4140625 0.22575827187500003 0.41015625 0.23954503749999997 0.41015625 0.24299172812499997 0.4140625 0.2481617640625 0.4072265625 0.2481617640625 0.3935546875 0.267118565625 0.38671875 0.2774586390625 0.38671875 0.296415440625 0.3955078125 0.2998621328125 0.4033203125 0.313648896875 0.4150390625 0.32054227968750004 0.4287109375 0.325712315625 0.4296875 0.3326056984375 0.435546875 0.342945771875 0.435546875 0.36879595625 0.4248046875 0.3653492640625 0.4091796875 0.372242646875 0.3974609375 0.3860294125 0.3916015625 0.38258272031249996 0.3896484375 0.3860294125 0.3876953125 0.3860294125 0.3779296875 0.3946461390625 0.373046875 0.41187959531249996 0.37109375 0.42738970624999995 0.3779296875 0.430836396875 0.3955078125 0.4463465078125 0.40625 0.4549632359375 0.4033203125 0.4549632359375 0.3935546875 0.4635799625 0.392578125 0.47047334531249996 0.388671875 0.477366728125 0.388671875 0.4928768375 0.3955078125 0.4928768375 0.4033203125 0.5014935656249999 0.408203125 0.5083869484375 0.408203125 0.5238970593750001 0.4013671875 0.5238970593750001 0.3955078125 0.5307904406249999 0.3896484375 0.5342371328125 0.3798828125 0.5497472421875 0.375 0.5600873156249999 0.376953125 0.5704273890625 0.384765625 0.5842141546875 0.380859375 0.594554228125 0.3828125 0.60317095625 0.3876953125 0.606617646875 0.4033203125 0.6169577203125 0.4091796875 0.6204044125 0.4189453125 0.6255744484375 0.421875 0.6341911765625 0.4228515625 0.6307444859375 0.4365234375 0.6410845593750001 0.4365234375 0.6497012875 0.43359375 0.6841681984375 0.43359375 0.6893382359375 0.4306640625 0.6927849265625 0.4169921875
2 0.966796875 0.392578125 0.9443933828125 0.4072265625 0.9443933828125 0.4150390625 0.94956341875 0.41796875 0.9564568015624999 0.416015625 0.99609375 0.4169921875 0.9995404406249999 0.4150390625 0.9995404406249999 0.3935546875 0.9943704046875 0.390625 0.966796875 0.392578125