4 1 0.4440336359375 0.64723991875 0.40816589687500004 0.2507777046875 0.424587284375 0.38648974062499997 0.526572628125 0.3803903375 0.4479229046875 0.404788034375 0.448787196875 0.4146995953125 0.5525011125 0.43376030312499997 0.55639036875 1 0.532622603125 1 0.4440336359375
0 0.41360294062499997 0.5478515625 0.40670955937500003 0.4638671875 0.4032628671875 0.4619140625 0.4032628671875 0.4541015625 0.39809283125 0.451171875 0.3877527578125 0.451171875 0.38258272031249996 0.4541015625 0.38258272031249996 0.4775390625 0.3860294125 0.4794921875 0.3860294125 0.5458984375 0.389476103125 0.5498046875 0.3756893375 0.5595703125 0.384306065625 0.5625 0.4170496328125 0.5615234375 0.4256663609375 0.560546875 0.42738970624999995 0.5556640625 0.418772978125 0.552734375 0.41360294062499997 0.5478515625
0 0.1413143375 0.5380859375 0.137867646875 0.5361328125 0.137867646875 0.5087890625 0.13442095625 0.5068359375 0.13097426406249998 0.4638671875 0.125804228125 0.4609375 0.1120174625 0.4609375 0.10684742656249999 0.4638671875 0.10684742656249999 0.4755859375 0.1102941171875 0.4775390625 0.1102941171875 0.5712890625 0.10512408124999999 0.572265625 0.09995404375 0.5771484375 0.10512408124999999 0.580078125 0.1413143375 0.5791015625 0.1568244484375 0.576171875 0.15854779375 0.5732421875 0.1413143375 0.5673828125 0.1413143375 0.5380859375
0 0.120634190625 0.3896484375 0.1240808828125 0.4169921875 0.137867646875 0.4169921875 0.13442095625 0.4130859375 0.13097426406249998 0.3896484375 0.125804228125 0.38671875 0.120634190625 0.3896484375
6 0.237821690625 0.3857421875 0.234375 0.3837890625 0.234375 0.3759765625 0.237821690625 0.3720703125 0.22748161718749998 0.3583984375 0.2154181984375 0.353515625 0.21369485312499997 0.3662109375 0.21024816249999997 0.3681640625 0.21024816249999997 0.3818359375 0.21369485312499997 0.3857421875 0.21024816249999997 0.3876953125 0.2205882359375 0.3935546875 0.2240349265625 0.3994140625 0.21714154375 0.4111328125 0.22231158125 0.4140625 0.230928309375 0.4130859375 0.237821690625 0.4033203125 0.234375 0.3974609375 0.234375 0.3876953125 0.237821690625 0.3857421875
0 0.20680147031249999 0.4169921875 0.2205882359375 0.4169921875 0.21714154375 0.4111328125 0.21714154375 0.3896484375 0.208524815625 0.38671875 0.20680147031249999 0.4169921875
0 0.3033088234375 0.4150390625 0.3170955875 0.4150390625 0.313648896875 0.3896484375 0.31020220625 0.3837890625 0.30503216875 0.3828125 0.3033088234375 0.4150390625
0 0.6393612125 0.373046875 0.6341911765625 0.3759765625 0.6341911765625 0.4013671875 0.6307444859375 0.4072265625 0.635914521875 0.41015625 0.64453125 0.4091796875 0.6479779406249999 0.4072265625 0.64453125 0.4052734375 0.64453125 0.3759765625 0.6393612125 0.373046875
0 0.840992646875 0.3935546875 0.83754595625 0.3994140625 0.8427159921875 0.40234375 0.8478860296875 0.4013671875 0.8513327203125 0.3994140625 0.8513327203125 0.3701171875 0.8427159921875 0.3671875 0.840992646875 0.3935546875
6 0.372242646875 0.3603515625 0.34983915468750004 0.345703125 0.3412224265625 0.3505859375 0.3446691171875 0.3544921875 0.33432904375 0.3662109375 0.3377757359375 0.3681640625 0.3377757359375 0.3779296875 0.3412224265625 0.3798828125 0.3412224265625 0.4130859375 0.34983915468750004 0.4140625 0.3515625 0.4091796875 0.3567325375 0.40625 0.3584558828125 0.4130859375 0.36879595625 0.4130859375 0.3653492640625 0.4072265625 0.3653492640625 0.3701171875 0.372242646875 0.3681640625 0.372242646875 0.3603515625
6 0.33432904375 0.3896484375 0.3377757359375 0.3857421875 0.3377757359375 0.3740234375 0.3412224265625 0.3720703125 0.33432904375 0.3662109375 0.33432904375 0.3603515625 0.325712315625 0.353515625 0.32054227968750004 0.3564453125 0.32054227968750004 0.3623046875 0.31020220625 0.3681640625 0.31020220625 0.3779296875 0.3170955875 0.3837890625 0.3170955875 0.4111328125 0.330882353125 0.4111328125 0.33432904375 0.4072265625 0.33432904375 0.3955078125 0.3377757359375 0.3935546875 0.33432904375 0.3896484375
2 0.10684742656249999 0.3779296875 0.087890625 0.365234375 0.0809972421875 0.36328125 0.032743565625 0.36328125 0.027573529687499997 0.3662109375 0.013786764062500002 0.3798828125 0.013786764062500002 0.4033203125 0.0189568015625 0.40625 0.025850184375 0.40625 0.0361902578125 0.40234375 0.0568704046875 0.40234375 0.0603170953125 0.400390625 0.0947840078125 0.40234375 0.10167738906249998 0.40625 0.1102941171875 0.4052734375 0.113740809375 0.4013671875 0.1102941171875 0.3974609375 0.1102941171875 0.3837890625 0.10684742656249999 0.3779296875