6 0.4239430140625 0.3583984375 0.4204963234375 0.3525390625 0.41360294062499997 0.3505859375 0.41360294062499997 0.3427734375 0.401539521875 0.341796875 0.3998161765625 0.3505859375 0.39292279375 0.3544921875 0.39292279375 0.3662109375 0.3963694859375 0.3681640625 0.3963694859375 0.3779296875 0.3998161765625 0.3798828125 0.3998161765625 0.3974609375 0.40843290468750004 0.3984375 0.41187959531249996 0.392578125 0.41360294062499997 0.3994140625 0.4204963234375 0.3994140625 0.4204963234375 0.3818359375 0.42738970624999995 0.3779296875 0.4204963234375 0.3701171875 0.4239430140625 0.3583984375
6 0.372242646875 0.3486328125 0.3705193015625 0.341796875 0.360179228125 0.341796875 0.3584558828125 0.3486328125 0.3515625 0.3544921875 0.3515625 0.3662109375 0.3584558828125 0.3701171875 0.3653492640625 0.3994140625 0.38258272031249996 0.3994140625 0.38258272031249996 0.3642578125 0.3860294125 0.3623046875 0.3860294125 0.3544921875 0.372242646875 0.3486328125
6 0.3170955875 0.3583984375 0.31020220625 0.3486328125 0.31020220625 0.3408203125 0.30503216875 0.33984375 0.29296875 0.3505859375 0.29296875 0.3642578125 0.2998621328125 0.3740234375 0.2998621328125 0.3896484375 0.299851646875 0.3935867515625 0.31020220625 0.3916015625 0.3186419828125 0.39260062812499996 0.3158582359375 0.3837255765625 0.3170955875 0.3779296875 0.3170955875 0.3583984375
6 0.0861672796875 0.4091796875 0.0861672796875 0.4150390625 0.10340073593750002 0.4150390625 0.0930606625 0.4052734375 0.0930606625 0.3994140625 0.0896139703125 0.3974609375 0.0896139703125 0.3837890625 0.0861672796875 0.3818359375 0.0861672796875 0.3720703125 0.0827205875 0.3701171875 0.0861672796875 0.3642578125 0.07582720625 0.3564453125 0.0741038609375 0.34375 0.0637637875 0.34375 0.05859375 0.3466796875 0.062040440625000005 0.3544921875 0.0482536765625 0.3603515625 0.0448069859375 0.3662109375 0.0448069859375 0.3759765625 0.0482536765625 0.3798828125 0.055147059374999995 0.3818359375 0.055147059374999995 0.3955078125 0.0482536765625 0.4013671875 0.0448069859375 0.4150390625 0.0534237125 0.419921875 0.055147059374999995 0.4189453125 0.05859375 0.4169921875 0.055147059374999995 0.4111328125 0.07065716875 0.396484375 0.0861672796875 0.4091796875
2 0.10167738906249998 0.361328125 0.084443934375 0.357421875 0.0827205875 0.3662109375 0.0861672796875 0.3681640625 0.0896139703125 0.3837890625 0.10167738906249998 0.388671875 0.113740809375 0.3876953125 0.120634190625 0.3818359375 0.120634190625 0.3759765625 0.113740809375 0.3681640625 0.10167738906249998 0.361328125
2 0 0.3935546875 0.0103400734375 0.3935546875 0.015510110937499998 0.390625 0.04653033125 0.390625 0.049977021875 0.392578125 0.055147059374999995 0.3896484375 0.055147059374999995 0.3837890625 0.0482536765625 0.3798828125 0.0448069859375 0.3740234375 0.04653033125 0.359375 0.029296875 0.359375 0 0.3701171875 0 0.3935546875
2 0.1999080875 0.3642578125 0.1809512875 0.35546875 0.13959099218749998 0.357421875 0.120634190625 0.3701171875 0.120634190625 0.3798828125 0.125804228125 0.3828125 0.1568244484375 0.3828125 0.16027113906249998 0.380859375 0.167164521875 0.3828125 0.179227940625 0.3818359375 0.1809512875 0.37890625 0.19818474218749998 0.380859375 0.20680147031249999 0.3759765625 0.1999080875 0.3642578125
2 0.2567784921875 0.35546875 0.22575827187500003 0.35546875 0.20680147031249999 0.3642578125 0.20335477968750001 0.3720703125 0.208524815625 0.376953125 0.22575827187500003 0.375 0.23265165468750001 0.37890625 0.234375 0.3779296875 0.27573529375 0.3740234375 0.27573529375 0.3642578125 0.267118565625 0.357421875 0.2567784921875 0.35546875
4 0.10846858749999999 0.4162674828125 0.0917660609375 0.41705637500000003 0.0688000953125 0.4198175046875 0.3871919078125 0.4180424875 0.45087030468749995 0.3973340046875 0.42477258124999995 0.39812290781250004 0.4199010140625 0.4004895859375 0.3701414265625 0.4026590546875 0.364921896875 0.399897903125 0.283845075 0.40147570000000005 0.0987254375 0.406406296875 0.10046529374999999 0.41153409375 0.1077726421875 0.41291469062499997 0.10846858749999999 0.4162674828125
4 0 0.9259894578125 0.6651949593750001 0.9417673484375 0.6777218359375 0.41804507500000004 0.520787721875 0.4229756625 0.39915408124999996 0.421039928125 0.35860375312500004 0.4297323390625 0 0.5298653140625 0 0.9259894578125
4 0 0.4219869625 0.015015175 0.42119806875 0.046332409375 0.41725360624999996 0.040416934375000005 0.4107452125 0.044736170312500004 0.4085316703125 0 0.40877297500000004 0 0.4219869625