6 0.389476103125 0.4560546875 0.39292279375 0.4326171875 0.41187959531249996 0.4296875 0.4170496328125 0.4267578125 0.4170496328125 0.4228515625 0.3998161765625 0.4033203125 0.3998161765625 0.3916015625 0.40670955937500003 0.3876953125 0.4032628671875 0.3701171875 0.3946461390625 0.36328125 0.37913602968750004 0.3603515625 0.38258272031249996 0.3427734375 0.3739659921875 0.337890625 0.360179228125 0.337890625 0.3515625 0.3447265625 0.355009190625 0.3564453125 0.3515625 0.3603515625 0.33432904375 0.3681640625 0.330882353125 0.3818359375 0.3377757359375 0.3857421875 0.33432904375 0.3876953125 0.3412224265625 0.3896484375 0.3412224265625 0.4072265625 0.3446691171875 0.4091796875 0.3412224265625 0.4248046875 0.3446691171875 0.4287109375 0.3584558828125 0.4345703125 0.3584558828125 0.4462890625 0.3653492640625 0.4560546875 0.3653492640625 0.4697265625 0.36879595625 0.4755859375 0.3739659921875 0.48046875 0.389476103125 0.4794921875 0.39292279375 0.4755859375 0.3860294125 0.4716796875 0.3860294125 0.4580078125 0.389476103125 0.4560546875
6 0.289522059375 0.4638671875 0.289522059375 0.4716796875 0.29469209531249996 0.474609375 0.3033088234375 0.4736328125 0.3033088234375 0.4658203125 0.29296875 0.4482421875 0.29296875 0.4345703125 0.296415440625 0.4326171875 0.296415440625 0.4267578125 0.30503216875 0.42578125 0.31020220625 0.4228515625 0.3067555140625 0.4033203125 0.3033088234375 0.4013671875 0.3033088234375 0.3896484375 0.3153722421875 0.388671875 0.32054227968750004 0.3857421875 0.32054227968750004 0.3798828125 0.31020220625 0.3740234375 0.2998621328125 0.3623046875 0.2826286765625 0.3564453125 0.2860753671875 0.3408203125 0.2774586390625 0.3359375 0.260225184375 0.3359375 0.25160845625 0.3408203125 0.255055146875 0.3623046875 0.2447150734375 0.3681640625 0.237821690625 0.3896484375 0.24126838281250002 0.3955078125 0.25160845625 0.4013671875 0.255055146875 0.4228515625 0.2688419125 0.4267578125 0.27573529375 0.4365234375 0.272288603125 0.4384765625 0.272288603125 0.4482421875 0.2688419125 0.4501953125 0.2688419125 0.4619140625 0.2585018375 0.4716796875 0.2585018375 0.4755859375 0.2705652578125 0.482421875 0.2826286765625 0.4814453125 0.2860753671875 0.4775390625 0.27573529375 0.4677734375 0.284352021875 0.462890625 0.289522059375 0.4638671875
6 0.21369485312499997 0.3916015625 0.2205882359375 0.3857421875 0.2205882359375 0.3759765625 0.21369485312499997 0.3642578125 0.21369485312499997 0.3486328125 0.208524815625 0.345703125 0.201631434375 0.345703125 0.196461396875 0.3486328125 0.1999080875 0.3623046875 0.18956801406249998 0.3798828125 0.1999080875 0.3837890625 0.196461396875 0.3896484375 0.196461396875 0.3994140625 0.1999080875 0.4013671875 0.196461396875 0.4111328125 0.20680147031249999 0.4111328125 0.208524815625 0.40234375 0.22231158125 0.404296875 0.23609834531249999 0.412109375 0.237821690625 0.4111328125 0.24126838281250002 0.4052734375 0.23609834531249999 0.40234375 0.22920496250000003 0.40234375 0.21369485312499997 0.3916015625
6 0.196461396875 0.3896484375 0.20335477968750001 0.3857421875 0.201631434375 0.3828125 0.19301470625 0.3818359375 0.19301470625 0.3759765625 0.20335477968750001 0.3583984375 0.196461396875 0.3544921875 0.196461396875 0.3447265625 0.184397978125 0.34375 0.179227940625 0.3486328125 0.1861213234375 0.3564453125 0.18267463281250002 0.3720703125 0.179227940625 0.3740234375 0.179227940625 0.3837890625 0.1861213234375 0.3896484375 0.1861213234375 0.4111328125 0.19301470625 0.4111328125 0.1999080875 0.4072265625 0.196461396875 0.4052734375 0.1999080875 0.4013671875 0.196461396875 0.3896484375
6 0.16199448593750002 0.3583984375 0.15854779375 0.3505859375 0.15337775781250002 0.349609375 0.1482077203125 0.3525390625 0.1516544125 0.3583984375 0.1516544125 0.3896484375 0.15854779375 0.3974609375 0.15854779375 0.4052734375 0.16888786718749998 0.4052734375 0.17578125 0.3818359375 0.179227940625 0.3798828125 0.179227940625 0.3701171875 0.16199448593750002 0.3583984375
6 0.13097426406249998 0.3603515625 0.1240808828125 0.3525390625 0.1189108453125 0.349609375 0.1120174625 0.349609375 0.1102941171875 0.3564453125 0.113740809375 0.3623046875 0.1102941171875 0.3642578125 0.1102941171875 0.3701171875 0.113740809375 0.3720703125 0.113740809375 0.3857421875 0.10684742656249999 0.3896484375 0.10684742656249999 0.3935546875 0.113740809375 0.4013671875 0.10340073593750002 0.4052734375 0.108570771875 0.408203125 0.1482077203125 0.4072265625 0.1413143375 0.3955078125 0.1413143375 0.3857421875 0.137867646875 0.3837890625 0.13097426406249998 0.3603515625
6 0.055147059374999995 0.3603515625 0.055147059374999995 0.3564453125 0.0430836390625 0.3515625 0.037913603125 0.3544921875 0.031020220312500003 0.3720703125 0.037913603125 0.3779296875 0.037913603125 0.3916015625 0.0448069859375 0.3994140625 0.0448069859375 0.4072265625 0.062040440625000005 0.4072265625 0.0689338234375 0.4033203125 0.05859375 0.3935546875 0.062040440625000005 0.3662109375 0.055147059374999995 0.3603515625
4 0 0.9151825734375001 0.604579490625 0.9522360578125 0.7261691734375 0.43067786249999995 0.570605909375 0.4310156765625 0.446632021875 0.42729966406250003 0.3965656125 0.4358518296875 0.3989497515625 0.48010623125 0.2636513140625 0.481795340625 0.25649899375 0.4723363734375 0.249346640625 0.472674196875 0 0.5331439437500001 0 0.9151825734375001
4 0.505638775 0.405341365625 0.40412803750000004 0.405244596875 0.41683057031250004 0.42189454218750005 0.43828763125 0.42324582812499995 0.505638775 0.405341365625
4 0.34351910937499996 0.4046657359375 0.305611625 0.4037357859375 0.312525621875 0.42088108125 0.342327071875 0.42257018124999995 0.34351910937499996 0.4046657359375
4 0 0.41761683749999995 0.2541148875 0.42088108125 0.2529228171875 0.41513815468750004 0.143253603125 0.4100708671875 0.096167384375 0.4070304734375 0.033584421875 0.4070304734375 0 0.41040867187499996 0 0.41761683749999995
2 0.025850184375 0.369140625 0.0017233453124999999 0.36328125 0 0.3935546875 0.015510110937499998 0.39453125 0.0189568015625 0.396484375 0.027573529687499997 0.3955078125 0.0344669125 0.3916015625 0.037913603125 0.3857421875 0.0344669125 0.3759765625 0.025850184375 0.369140625
2 0.1102941171875 0.3876953125 0.113740809375 0.3837890625 0.113740809375 0.3720703125 0.10684742656249999 0.3662109375 0.113740809375 0.3603515625 0.108570771875 0.357421875 0.087890625 0.359375 0.062040440625000005 0.3740234375 0.05859375 0.3896484375 0.0637637875 0.392578125 0.0723805140625 0.3916015625 0.087890625 0.388671875 0.10167738906249998 0.388671875 0.10512408124999999 0.390625 0.1102941171875 0.3876953125