4 0 0.901662528125 0.682619759375 0.9299791890625 0.6840677796875 0.423652503125 0.5008803578125 0.4224213296875 0.408780971875 0.41897851093750005 0.2568717578125 0.4545135921875 0 0.5217349765625 0 0.901662528125
4 0 0.41202075625 0.4031321078125 0.414213590625 0.41037275937500006 0.4101097328125 0.3951674859375 0.407237003125 0.38503063593750003 0.4105201125 0.3712734609375 0.4113408953125 0.371997509375 0.3998500484375 0.37054933125 0.397798125 0 0.3994396796875 0 0.41202075625
6 0.42738970624999995 0.3857421875 0.42738970624999995 0.3798828125 0.430836396875 0.3779296875 0.430836396875 0.3583984375 0.4204963234375 0.3486328125 0.4204963234375 0.3447265625 0.4153262875 0.341796875 0.4049862125 0.341796875 0.3998161765625 0.3447265625 0.4032628671875 0.3525390625 0.3963694859375 0.3544921875 0.39292279375 0.3740234375 0.3963694859375 0.3759765625 0.3998161765625 0.3974609375 0.40670955937500003 0.4013671875 0.3963694859375 0.4091796875 0.401539521875 0.412109375 0.4204963234375 0.4111328125 0.42738970624999995 0.4072265625 0.4239430140625 0.4052734375 0.4204963234375 0.3896484375 0.42738970624999995 0.3857421875
6 0.389476103125 0.3798828125 0.39292279375 0.3779296875 0.39292279375 0.3544921875 0.38258272031249996 0.3505859375 0.3860294125 0.3466796875 0.38258272031249996 0.3427734375 0.377412684375 0.33984375 0.3705193015625 0.33984375 0.3653492640625 0.3427734375 0.36879595625 0.3486328125 0.3584558828125 0.3564453125 0.355009190625 0.3662109375 0.3619025734375 0.3701171875 0.3619025734375 0.3818359375 0.3653492640625 0.3837890625 0.36879595625 0.3994140625 0.372242646875 0.4013671875 0.36879595625 0.4130859375 0.3860294125 0.4130859375 0.389476103125 0.4111328125 0.3860294125 0.3994140625 0.389476103125 0.3974609375 0.389476103125 0.3798828125
6 0.3067555140625 0.3505859375 0.2981387875 0.349609375 0.29296875 0.3466796875 0.29296875 0.3427734375 0.2877987125 0.341796875 0.2826286765625 0.3447265625 0.2826286765625 0.3720703125 0.2860753671875 0.3740234375 0.2826286765625 0.3759765625 0.2826286765625 0.3818359375 0.2860753671875 0.3837890625 0.2860753671875 0.3896484375 0.29124540468750004 0.392578125 0.2998621328125 0.3916015625 0.3067555140625 0.3876953125 0.3067555140625 0.3798828125 0.3033088234375 0.3779296875 0.3067555140625 0.3505859375
6 0.2791819859375 0.3837890625 0.27573529375 0.3603515625 0.2688419125 0.3544921875 0.26539522031249996 0.3427734375 0.2567784921875 0.341796875 0.25160845625 0.3447265625 0.255055146875 0.3759765625 0.2481617640625 0.3837890625 0.237821690625 0.3896484375 0.237821690625 0.3935546875 0.24643841875 0.396484375 0.267118565625 0.392578125 0.2774586390625 0.3984375 0.2826286765625 0.3974609375 0.2877987125 0.396484375 0.289522059375 0.3935546875 0.2826286765625 0.3896484375 0.2791819859375 0.3837890625
6 0.1102941171875 0.3662109375 0.096507353125 0.3486328125 0.096507353125 0.3388671875 0.084443934375 0.337890625 0.079273896875 0.3408203125 0.079273896875 0.3466796875 0.07582720625 0.3486328125 0.07582720625 0.3642578125 0.079273896875 0.3662109375 0.079273896875 0.3779296875 0.0827205875 0.3798828125 0.079273896875 0.3916015625 0.087890625 0.3984375 0.10340073593750002 0.3974609375 0.09995404375 0.3876953125 0.10684742656249999 0.3837890625 0.10340073593750002 0.3720703125 0.1102941171875 0.3662109375
2 0 0.3837890625 0.01723345625 0.3837890625 0.067210478125 0.3828125 0.0723805140625 0.3798828125 0.0723805140625 0.3740234375 0.0809972421875 0.369140625 0.0780287109375 0.3705756453125 0.07582720625 0.3662109375 0.07582720625 0.3544921875 0.07065716875 0.349609375 0.04653033125 0.349609375 0.0361902578125 0.3515625 0 0.3662109375 0 0.3837890625
2 0.10512408124999999 0.3515625 0.10340073593750002 0.3564453125 0.1102941171875 0.3642578125 0.10684742656249999 0.3701171875 0.1102941171875 0.3740234375 0.10684742656249999 0.3779296875 0.120634190625 0.3798828125 0.1240808828125 0.3779296875 0.1240808828125 0.3662109375 0.1102941171875 0.3525390625 0.10512408124999999 0.3515625
2 0.149931065625 0.3515625 0.1240808828125 0.3681640625 0.12925091875 0.376953125 0.184397978125 0.376953125 0.19129136093750002 0.373046875 0.19818474218749998 0.373046875 0.205078125 0.376953125 0.21024816249999997 0.3759765625 0.21369485312499997 0.3740234375 0.21024816249999997 0.3603515625 0.1947380515625 0.3515625 0.149931065625 0.3515625
2 0.2498851109375 0.3515625 0.23265165468750001 0.3515625 0.21369485312499997 0.3603515625 0.21369485312499997 0.3720703125 0.2188648890625 0.375 0.2205882359375 0.3740234375 0.2498851109375 0.373046875 0.255055146875 0.3701171875 0.255055146875 0.3583984375 0.2498851109375 0.3515625
2 0.3515625 0.3623046875 0.3446691171875 0.3544921875 0.3326056984375 0.34765625 0.3084788609375 0.349609375 0.3033088234375 0.3681640625 0.3274356625 0.3701171875 0.3360523890625 0.3671875 0.33949908125 0.369140625 0.348115809375 0.3681640625 0.3515625 0.3623046875