6 0.6686580875 0.3720703125 0.66176470625 0.3701171875 0.66176470625 0.3623046875 0.65659466875 0.359375 0.6497012875 0.359375 0.64453125 0.3642578125 0.6479779406249999 0.3681640625 0.6410845593750001 0.3720703125 0.6376378671875 0.3779296875 0.6376378671875 0.3837890625 0.6410845593750001 0.3857421875 0.6410845593750001 0.4033203125 0.6479779406249999 0.4091796875 0.64453125 0.4111328125 0.6514246328125 0.4208984375 0.64453125 0.4267578125 0.6497012875 0.4296875 0.66176470625 0.4287109375 0.665211396875 0.4267578125 0.6686580875 0.3818359375 0.6755514703125 0.3779296875 0.6686580875 0.3720703125
6 0.5428538609375 0.40234375 0.54457720625 0.3994140625 0.5376838234375 0.3974609375 0.5342371328125 0.3876953125 0.5238970593750001 0.3818359375 0.5238970593750001 0.3759765625 0.518727021875 0.373046875 0.5118336390625 0.373046875 0.506663603125 0.3779296875 0.506663603125 0.3857421875 0.49977022031249996 0.3974609375 0.506663603125 0.4013671875 0.506663603125 0.4130859375 0.51011029375 0.4150390625 0.51011029375 0.4228515625 0.5170036765625 0.4287109375 0.5170036765625 0.4365234375 0.5238970593750001 0.4365234375 0.5376838234375 0.4345703125 0.5342371328125 0.4326171875 0.5342371328125 0.4013671875 0.5428538609375 0.40234375
6 0.4825367640625 0.3896484375 0.4825367640625 0.3701171875 0.4756433828125 0.3662109375 0.4756433828125 0.3583984375 0.460133271875 0.357421875 0.4584099265625 0.3681640625 0.4549632359375 0.3701171875 0.4549632359375 0.3876953125 0.45151654375000005 0.3896484375 0.45151654375000005 0.4033203125 0.4549632359375 0.4052734375 0.4549632359375 0.4150390625 0.4584099265625 0.4169921875 0.4584099265625 0.4287109375 0.45151654375000005 0.4326171875 0.46702665468750004 0.43359375 0.47047334531249996 0.435546875 0.4790900734375 0.4345703125 0.4825367640625 0.4326171875 0.4825367640625 0.4013671875 0.489430146875 0.3955078125 0.4825367640625 0.3896484375
6 0.448069853125 0.3916015625 0.45151654375000005 0.3896484375 0.45151654375000005 0.3720703125 0.4446231625 0.3681640625 0.4446231625 0.3642578125 0.439453125 0.361328125 0.4325597421875 0.361328125 0.42738970624999995 0.3662109375 0.42738970624999995 0.3818359375 0.4342830875 0.3857421875 0.430836396875 0.3896484375 0.430836396875 0.4130859375 0.4342830875 0.4150390625 0.42738970624999995 0.4228515625 0.44117647031249996 0.4228515625 0.4446231625 0.4208984375 0.4446231625 0.4052734375 0.448069853125 0.4033203125 0.448069853125 0.3916015625
6 0.3653492640625 0.3759765625 0.3619025734375 0.3740234375 0.3619025734375 0.3681640625 0.35328584531249996 0.36328125 0.3412224265625 0.3759765625 0.3412224265625 0.3916015625 0.348115809375 0.3974609375 0.348115809375 0.4033203125 0.355009190625 0.4111328125 0.3515625 0.4208984375 0.3619025734375 0.4208984375 0.3653492640625 0.4189453125 0.3653492640625 0.4111328125 0.3619025734375 0.4091796875 0.3653492640625 0.3759765625
2 0.19301470625 0.3837890625 0.1861213234375 0.3740234375 0.1706112125 0.3671875 0.143037684375 0.3671875 0.13269761093750002 0.369140625 0.1189108453125 0.375 0.10684742656249999 0.3837890625 0.108570771875 0.39453125 0.1189108453125 0.39453125 0.1223575375 0.392578125 0.143037684375 0.39453125 0.149931065625 0.390625 0.1568244484375 0.39453125 0.1654411765625 0.3935546875 0.1706112125 0.388671875 0.1809512875 0.392578125 0.19301470625 0.3916015625 0.19301470625 0.3837890625
2 0.04653033125 0.365234375 0.0482536765625 0.3720703125 0.062040440625000005 0.3818359375 0.0654871328125 0.3935546875 0.084443934375 0.39453125 0.091337315625 0.3984375 0.096507353125 0.3974609375 0.10340073593750002 0.3935546875 0.10340073593750002 0.3779296875 0.0809972421875 0.365234375 0.04653033125 0.365234375
2 0.0482536765625 0.3720703125 0.0482536765625 0.3681640625 0.032743565625 0.359375 0.0017233453124999999 0.359375 0 0.4111328125 0.0361902578125 0.412109375 0.0534237125 0.419921875 0.0654871328125 0.4189453125 0.0689338234375 0.4169921875 0.0654871328125 0.3876953125 0.05859375 0.3779296875 0.0482536765625 0.3720703125
2 0.2154181984375 0.369140625 0.19301470625 0.3779296875 0.1947380515625 0.390625 0.21197150781250002 0.390625 0.2154181984375 0.392578125 0.22231158125 0.390625 0.237821690625 0.3916015625 0.26194852968750004 0.3896484375 0.26194852968750004 0.3798828125 0.2498851109375 0.37109375 0.2154181984375 0.369140625
2 0.3153722421875 0.369140625 0.28090533125 0.369140625 0.26194852968750004 0.3798828125 0.26539522031249996 0.3837890625 0.263671875 0.388671875 0.2877987125 0.388671875 0.29469209531249996 0.38671875 0.301585478125 0.390625 0.31020220625 0.3896484375 0.322265625 0.388671875 0.3274356625 0.3857421875 0.32398897031249996 0.3759765625 0.3153722421875 0.369140625
4 0 0.42667368281250007 0.3725079140625 0.43838239218749997 0.42570260312499997 0.425795528125 0.4272519359375 0.42199019687500006 0.38541925312499997 0.4196484609375 0.36992563437500003 0.424331940625 0.35184979375 0.42374651406249997 0.3503004609375 0.4193557484375 0.1163472828125 0.4146722625 0.071932346875 0.41789215156250004 0.0703829859375 0.42199019687500006 0.041978057812500004 0.42081932968749997 0 0.42111204999999996 0 0.42667368281250007
4 0 0.9507923984375 0.652425415625 0.987089384375 0.6622380328124999 0.45214013125 0.4871604609375 0.4486275125 0.38431856875000003 0.44422535625000004 0.28212865468750004 0.4658781515625 0.0001453734375 0.532032346875 0 0.9507923984375