2 0.22920496250000003 0.359375 0.267118565625 0.359375 0.2705652578125 0.361328125 0.284352021875 0.361328125 0.2877987125 0.359375 0.2981387875 0.359375 0.3033088234375 0.3564453125 0.2998621328125 0.3369140625 0.296415440625 0.3330078125 0.2705652578125 0.3203125 0.22575827187500003 0.3203125 0.22231158125 0.322265625 0.21197150781250002 0.322265625 0.196461396875 0.3310546875 0.1861213234375 0.3427734375 0.18267463281250002 0.3603515625 0.19129136093750002 0.365234375 0.19301470625 0.3642578125 0.208524815625 0.359375 0.21197150781250002 0.361328125 0.22575827187500003 0.361328125 0.22920496250000003 0.359375
2 0.0448069859375 0.3583984375 0.04136029375 0.3564453125 0.037913603125 0.3173828125 0.020680146875 0.2958984375 0.01206341875 0.291015625 0.0017233453124999999 0.291015625 0 0.3916015625 0.01206341875 0.3984375 0.0344669125 0.3974609375 0.0448069859375 0.3935546875 0.0448069859375 0.3876953125 0.0482536765625 0.3857421875 0.0448069859375 0.3583984375
7 0.1654411765625 0.3564453125 0.16888786718749998 0.3330078125 0.1654411765625 0.3310546875 0.16199448593750002 0.3095703125 0.1568244484375 0.306640625 0.087890625 0.306640625 0.084443934375 0.30859375 0.07065716875 0.30859375 0.0654871328125 0.3115234375 0.062040440625000005 0.3173828125 0.062040440625000005 0.3486328125 0.0654871328125 0.3544921875 0.0689338234375 0.3583984375 0.0775505515625 0.361328125 0.084443934375 0.359375 0.0947840078125 0.361328125 0.10684742656249999 0.3603515625 0.1154641546875 0.357421875 0.1361443015625 0.359375 0.13959099218749998 0.357421875 0.1654411765625 0.3564453125
1 0.3877527578125 0.318359375 0.3705193015625 0.318359375 0.3670726109375 0.31640625 0.360179228125 0.318359375 0.3584558828125 0.3271484375 0.355009190625 0.3291015625 0.3584558828125 0.3447265625 0.39292279375 0.3447265625 0.3963694859375 0.3408203125 0.39292279375 0.3349609375 0.39292279375 0.3212890625 0.3877527578125 0.318359375
2 0.4877068015625 0.326171875 0.4825367640625 0.3291015625 0.4756433828125 0.3408203125 0.4756433828125 0.3447265625 0.48081341875000005 0.34765625 0.4842601109375 0.345703125 0.5238970593750001 0.3466796875 0.52734375 0.3447265625 0.52734375 0.3388671875 0.51528033125 0.326171875 0.4877068015625 0.326171875
2 0.6927849265625 0.3408203125 0.6893382359375 0.3251953125 0.6772748156249999 0.318359375 0.63246783125 0.318359375 0.6255744484375 0.3203125 0.6100643375 0.3310546875 0.606617646875 0.3369140625 0.606617646875 0.3525390625 0.615234375 0.357421875 0.6204044125 0.3564453125 0.6290211390625 0.353515625 0.6703814343750001 0.353515625 0.6772748156249999 0.3515625 0.6927849265625 0.3408203125
5 0.8306525734375001 0.4072265625 0.8358226109375 0.404296875 0.8444393375000001 0.4033203125 0.840992646875 0.3876953125 0.849609375 0.3828125 0.8685661765624999 0.3779296875 0.8633961390625 0.373046875 0.849609375 0.375 0.8254825374999999 0.369140625 0.770335478125 0.365234375 0.7720588234375 0.3681640625 0.7668887875 0.37109375 0.7393152578125 0.376953125 0.7306985296875 0.3818359375 0.723805146875 0.3935546875 0.7272518375 0.3955078125 0.7272518375 0.4033203125 0.7341452203125 0.4072265625 0.7341452203125 0.4189453125 0.7375919125 0.4228515625 0.753102021875 0.4296875 0.77895220625 0.4287109375 0.7944623156249999 0.419921875 0.828929228125 0.419921875 0.8340992640625 0.4169921875 0.8306525734375001 0.4072265625
5 0.95473345625 0.5029296875 0.9512867640625 0.5009765625 0.9512867640625 0.4658203125 0.95473345625 0.4638671875 0.95473345625 0.4521484375 0.9650735296875 0.4345703125 0.97886029375 0.4228515625 0.9857536765624999 0.4208984375 0.9857536765624999 0.4169921875 0.9771369484375001 0.4140625 0.966796875 0.4140625 0.9530101109375 0.41015625 0.9357766546875 0.41015625 0.9323299625000001 0.408203125 0.887522978125 0.408203125 0.8840762874999999 0.41015625 0.8806295953125 0.408203125 0.8427159921875 0.40625 0.840992646875 0.4091796875 0.8444393375000001 0.4130859375 0.83754595625 0.4169921875 0.8340992640625 0.4228515625 0.8340992640625 0.4267578125 0.840992646875 0.4326171875 0.8340992640625 0.4384765625 0.8340992640625 0.4462890625 0.840992646875 0.4521484375 0.840992646875 0.4560546875 0.83237591875 0.45703125 0.8306525734375001 0.4599609375 0.8168658093750001 0.4658203125 0.8185891546875 0.46875 0.828929228125 0.46484375 0.8306525734375001 0.4716796875 0.8168658093750001 0.4833984375 0.8134191171875 0.4951171875 0.8237591906249999 0.5107421875 0.8358226109375 0.517578125 0.8565027578125 0.5234375 0.8926930140625 0.5224609375 0.92543658125 0.509765625 0.946116728125 0.509765625 0.9512867640625 0.5068359375 0.95473345625 0.5029296875
5 0.7668887875 0.33984375 0.74965533125 0.341796875 0.7341452203125 0.3505859375 0.7341452203125 0.3544921875 0.7272518375 0.3583984375 0.76171875 0.3583984375 0.7772288609375 0.357421875 0.7858455875 0.3544921875 0.782398896875 0.3466796875 0.7668887875 0.33984375
5 0.7272518375 0.3642578125 0.7272518375 0.3603515625 0.7134650734375 0.3544921875 0.7100183828125 0.3486328125 0.7100183828125 0.3447265625 0.7169117640625 0.3408203125 0.72035845625 0.3349609375 0.72035845625 0.3291015625 0.71518841875 0.326171875 0.7082950375 0.326171875 0.6996783093750001 0.3310546875 0.6927849265625 0.3427734375 0.6721047796875 0.3564453125 0.6755514703125 0.3642578125 0.6807215078125 0.3671875 0.6893382359375 0.3681640625 0.6979549625 0.365234375 0.71518841875 0.365234375 0.7220818015625 0.3671875 0.7272518375 0.3642578125
4 0.6673128203124999 0.358585834375 0.4041506984375 0.3580530703125 0.383505528125 0.3625536984375 0.669890975 0.3634538234375 0.6673128203124999 0.358585834375