6 0.7858455875 0.3701171875 0.7944623156249999 0.3671875 0.7961856625 0.3642578125 0.77895220625 0.3564453125 0.7755055140625 0.3486328125 0.7668887875 0.345703125 0.7582720593750001 0.3505859375 0.7582720593750001 0.3564453125 0.7513786765625 0.3623046875 0.7513786765625 0.3701171875 0.7548253671875 0.3720703125 0.7582720593750001 0.3974609375 0.76171875 0.4033203125 0.7686121328125 0.4072265625 0.7582720593750001 0.4150390625 0.7755055140625 0.4169921875 0.77895220625 0.4150390625 0.77895220625 0.3916015625 0.7858455875 0.3837890625 0.7858455875 0.3701171875
6 0.623851103125 0.3935546875 0.62729779375 0.3818359375 0.623851103125 0.3759765625 0.6135110296875 0.3701171875 0.6135110296875 0.3623046875 0.6014476109375 0.361328125 0.5962775734375 0.3662109375 0.5997242640625 0.3740234375 0.5928308828125 0.3798828125 0.5928308828125 0.3974609375 0.5997242640625 0.4072265625 0.5997242640625 0.4208984375 0.6048943015625 0.423828125 0.6169577203125 0.4248046875 0.6169577203125 0.4189453125 0.6204044125 0.4169921875 0.6204044125 0.3955078125 0.623851103125 0.3935546875
6 0.5824908093750001 0.3525390625 0.5824908093750001 0.3466796875 0.577320771875 0.34375 0.56870404375 0.3486328125 0.565257353125 0.3564453125 0.5514705875 0.3623046875 0.5514705875 0.3798828125 0.5583639703125 0.3837890625 0.5583639703125 0.3896484375 0.56870404375 0.4052734375 0.56870404375 0.4150390625 0.5618106625 0.4208984375 0.5824908093750001 0.4208984375 0.5859375 0.3916015625 0.5928308828125 0.3857421875 0.5928308828125 0.3603515625 0.5824908093750001 0.3525390625
6 0.47047334531249996 0.3515625 0.4635799625 0.3515625 0.4584099265625 0.3544921875 0.45151654375000005 0.3720703125 0.4618566171875 0.3837890625 0.46530330937500003 0.4072265625 0.4756433828125 0.4072265625 0.4790900734375 0.3623046875 0.4756433828125 0.3603515625 0.4756433828125 0.3544921875 0.47047334531249996 0.3515625
2 0 0.3623046875 0.008616728125 0.36328125 0.01723345625 0.3681640625 0.01723345625 0.3759765625 0.0224034921875 0.376953125 0.032743565625 0.384765625 0.0568704046875 0.384765625 0.0637637875 0.388671875 0.0723805140625 0.3876953125 0.0827205875 0.3779296875 0.0827205875 0.3701171875 0.0741038609375 0.361328125 0.067210478125 0.361328125 0.049977021875 0.353515625 0.0396369484375 0.3515625 0 0.3525390625 0 0.3623046875
5 0.01206341875 0.36328125 0.0017233453124999999 0.36328125 0 0.3896484375 0.015510110937499998 0.396484375 0.031020220312500003 0.3955078125 0.031020220312500003 0.3837890625 0.01723345625 0.3740234375 0.01723345625 0.3662109375 0.01206341875 0.36328125
2 0.3033088234375 0.3720703125 0.2705652578125 0.3515625 0.22575827187500003 0.349609375 0.22231158125 0.3515625 0.21197150781250002 0.3515625 0.20335477968750001 0.3564453125 0.196461396875 0.3623046875 0.196461396875 0.3857421875 0.201631434375 0.388671875 0.208524815625 0.388671875 0.2188648890625 0.3828125 0.22231158125 0.3828125 0.22920496250000003 0.388671875 0.23954503749999997 0.38671875 0.24643841875 0.3828125 0.2567784921875 0.3828125 0.267118565625 0.388671875 0.272288603125 0.3876953125 0.2774586390625 0.3828125 0.2981387875 0.38671875 0.3033088234375 0.3818359375 0.3033088234375 0.3720703125
2 0.19301470625 0.3740234375 0.19301470625 0.3642578125 0.20335477968750001 0.3564453125 0.19818474218749998 0.3515625 0.13959099218749998 0.3515625 0.125804228125 0.35546875 0.096507353125 0.3740234375 0.096507353125 0.3798828125 0.10167738906249998 0.384765625 0.1223575375 0.384765625 0.125804228125 0.3828125 0.149931065625 0.3828125 0.15337775781250002 0.384765625 0.179227940625 0.3837890625 0.184397978125 0.380859375 0.18784466875 0.3828125 0.196461396875 0.3759765625 0.19301470625 0.3740234375
2 0.3756893375 0.3662109375 0.372242646875 0.3623046875 0.360179228125 0.357421875 0.325712315625 0.357421875 0.318818934375 0.359375 0.3067555140625 0.3681640625 0.3084788609375 0.37890625 0.3153722421875 0.376953125 0.325712315625 0.376953125 0.3291590078125 0.37890625 0.33949908125 0.376953125 0.3463924625 0.37890625 0.355009190625 0.3779296875 0.360179228125 0.375 0.3670726109375 0.376953125 0.3756893375 0.3759765625 0.3756893375 0.3662109375
2 0.4256663609375 0.35546875 0.39809283125 0.35546875 0.3877527578125 0.357421875 0.3756893375 0.3642578125 0.377412684375 0.375 0.3911994484375 0.375 0.3946461390625 0.376953125 0.4049862125 0.375 0.41187959531249996 0.376953125 0.42221966875000005 0.375 0.4291130515625 0.376953125 0.4342830875 0.3759765625 0.43772977968750004 0.3740234375 0.43772977968750004 0.3662109375 0.4342830875 0.3603515625 0.4256663609375 0.35546875
4 0.48010991406250003 0.40569749218749995 0.475409340625 0.41140651562499997 0.4532494765625 0.40683930156250003 0.0254970765625 0.3977048421875 0 0.39884664999999997 0.0011373812500000001 0.40998885312500005 0.4895110609375 0.425108209375 0.5398743640625 0.41140651562499997 0.5371883640624999 0.40569749218749995 0.48010991406250003 0.40569749218749995
4 0.7745811546875 0.4400253921875 0.50109333125 0.43047509375 0.21150560624999998 0.49209419375 0 0.5495651031250001 0.0013227109375 0.7146062234375 0.000651175 0.907811903125 0.752743221875 0.969209053125 0.7745811546875 0.4400253921875