6 0.72035845625 0.3798828125 0.72035845625 0.3701171875 0.7100183828125 0.3583984375 0.7014016546875 0.35546875 0.6962316171875 0.3583984375 0.6962316171875 0.3681640625 0.6927849265625 0.3701171875 0.6927849265625 0.3818359375 0.6962316171875 0.3837890625 0.6962316171875 0.4208984375 0.7014016546875 0.42578125 0.7134650734375 0.4248046875 0.7134650734375 0.3916015625 0.7169117640625 0.3896484375 0.7134650734375 0.3857421875 0.72035845625 0.3798828125
6 0.6686580875 0.365812196875 0.66176470625 0.369718446875 0.66176470625 0.375577821875 0.665211396875 0.377530946875 0.66176470625 0.381437196875 0.66176470625 0.393155946875 0.6669347421875 0.399991884375 0.6755514703125 0.399015321875 0.682444853125 0.391202821875 0.685302625 0.3541518734375 0.6721047796875 0.356046571875 0.6686580875 0.365812196875
6 0.4584099265625 0.3876953125 0.4549632359375 0.3818359375 0.4549632359375 0.3720703125 0.4584099265625 0.3681640625 0.44289981562499997 0.357421875 0.43600643437500003 0.357421875 0.430836396875 0.3603515625 0.4342830875 0.3701171875 0.42738970624999995 0.3720703125 0.430836396875 0.3896484375 0.4342830875 0.3916015625 0.4342830875 0.4169921875 0.430836396875 0.4189453125 0.4446231625 0.4189453125 0.4446231625 0.4130859375 0.45151654375000005 0.4033203125 0.45151654375000005 0.3935546875 0.4584099265625 0.3876953125
6 0.4204963234375 0.3662109375 0.4153262875 0.365234375 0.40670955937500003 0.3720703125 0.40670955937500003 0.3857421875 0.41360294062499997 0.3955078125 0.4170496328125 0.4111328125 0.4239430140625 0.4111328125 0.4239430140625 0.4052734375 0.42738970624999995 0.4033203125 0.42738970624999995 0.3740234375 0.4204963234375 0.3662109375
6 0.3756893375 0.3779296875 0.37913602968750004 0.3798828125 0.37913602968750004 0.3876953125 0.3860294125 0.3935546875 0.389476103125 0.4111328125 0.4032628671875 0.4111328125 0.40670955937500003 0.3681640625 0.3946461390625 0.357421875 0.3860294125 0.3623046875 0.3756893375 0.3779296875
4 0 0.953932225 0.5667826078125 0.9835690093749999 0.6490089890624999 0.49175324375 0.6586719125 0.44742257343749997 0.5348112265625 0.445928284375 0.44652755624999996 0.4434377953125 0.3841463375 0.44011345625000003 0.2624016171875 0.4662345796875 0 0.52974199375 0 0.953932225
4 0 0.42606665 0.37308240000000004 0.434783353125 0.42974204531250004 0.42133472968749996 0.4323774078125 0.41734994687500004 0.2219899421875 0.4136142140625 0 0.4101275453125 0 0.42606665
2 0.084443934375 0.36328125 0.0741038609375 0.361328125 0.032743565625 0.361328125 0.01206341875 0.365234375 0 0.3720703125 0.0017233453124999999 0.39453125 0.01206341875 0.392578125 0.0637637875 0.39453125 0.0741038609375 0.388671875 0.0775505515625 0.390625 0.091337315625 0.390625 0.0982306984375 0.39453125 0.10684742656249999 0.3935546875 0.1102941171875 0.3916015625 0.1102941171875 0.3779296875 0.10684742656249999 0.3720703125 0.084443934375 0.36328125
2 0.15337775781250002 0.388671875 0.1706112125 0.390625 0.1775045953125 0.38671875 0.1947380515625 0.388671875 0.196461396875 0.3740234375 0.19301470625 0.3701171875 0.1809512875 0.365234375 0.13959099218749998 0.365234375 0.113740809375 0.3779296875 0.113740809375 0.3896484375 0.1189108453125 0.392578125 0.1240808828125 0.3916015625 0.12925091875 0.388671875 0.143037684375 0.388671875 0.146484375 0.390625 0.15337775781250002 0.388671875
2 0.196461396875 0.3759765625 0.196461396875 0.3857421875 0.201631434375 0.388671875 0.208524815625 0.38671875 0.22231158125 0.38671875 0.22575827187500003 0.388671875 0.23609834531249999 0.38671875 0.24643841875 0.388671875 0.2533318015625 0.384765625 0.263671875 0.388671875 0.2688419125 0.3876953125 0.2688419125 0.3759765625 0.2567784921875 0.3671875 0.2154181984375 0.3671875 0.196461396875 0.3759765625
2 0.330882353125 0.3720703125 0.322265625 0.365234375 0.2877987125 0.365234375 0.272288603125 0.3701171875 0.2688419125 0.3740234375 0.2705652578125 0.38671875 0.2774586390625 0.384765625 0.2877987125 0.384765625 0.29124540468750004 0.38671875 0.2981387875 0.384765625 0.31020220625 0.3857421875 0.318818934375 0.3828125 0.3291590078125 0.384765625 0.33432904375 0.3818359375 0.330882353125 0.3720703125