4 0.5207517328125 0.426311825 0.5221581078125 0.42112825468750004 0.043142464062500004 0.41581696562500003 0.052414575 0.42870423750000003 0.4680109984375 0.439071353125 0.5207517328125 0.426311825
4 0 0.74413681875 0.704289303125 0.7756368671875 0.7443721375 0.5136569328125 0.7542171125 0.45024700781250004 0.6072464359375 0.4498482609375 0.47574636718749996 0.44386724375000003 0 0.5591016468750001 0 0.74413681875
6 0.7772288609375 0.357421875 0.770335478125 0.357421875 0.7651654406249999 0.3603515625 0.7651654406249999 0.3662109375 0.7548253671875 0.3720703125 0.7548253671875 0.3837890625 0.7513786765625 0.3857421875 0.7513786765625 0.3916015625 0.7582720593750001 0.3974609375 0.7582720593750001 0.4013671875 0.7634420953125 0.404296875 0.7720588234375 0.4033203125 0.782398896875 0.3876953125 0.782398896875 0.3720703125 0.77895220625 0.3701171875 0.7772288609375 0.357421875
6 0.8134191171875 0.3662109375 0.7979090078125 0.359375 0.7927389703125 0.3662109375 0.7927389703125 0.3935546875 0.7979090078125 0.396484375 0.8134191171875 0.3955078125 0.8134191171875 0.3857421875 0.8203125 0.3818359375 0.8203125 0.3740234375 0.8134191171875 0.3662109375
6 0.4790900734375 0.3701171875 0.4756433828125 0.3818359375 0.47219669062499997 0.3837890625 0.4825367640625 0.3974609375 0.4825367640625 0.4111328125 0.4877068015625 0.4140625 0.49632352968750004 0.4130859375 0.49977022031249996 0.4111328125 0.5032169125 0.3759765625 0.4911534921875 0.36328125 0.4790900734375 0.3701171875
6 0.5032169125 0.3759765625 0.5032169125 0.3896484375 0.49977022031249996 0.3916015625 0.5032169125 0.4091796875 0.49977022031249996 0.4111328125 0.5204503671875 0.4111328125 0.5204503671875 0.3798828125 0.5170036765625 0.3759765625 0.5083869484375 0.373046875 0.5032169125 0.3759765625
6 0.54457720625 0.3974609375 0.5514705875 0.3896484375 0.548023896875 0.3857421875 0.5514705875 0.3759765625 0.535960478125 0.36328125 0.5256204046875 0.36328125 0.5204503671875 0.3798828125 0.5307904406249999 0.3876953125 0.52734375 0.3916015625 0.5307904406249999 0.3955078125 0.52734375 0.3994140625 0.52734375 0.4228515625 0.5376838234375 0.4228515625 0.54457720625 0.4208984375 0.5411305140625 0.4091796875 0.54457720625 0.4072265625 0.54457720625 0.3974609375
2 0.0017233453124999999 0.37109375 0 0.4033203125 0.01206341875 0.404296875 0.015510110937499998 0.40234375 0.0430836390625 0.400390625 0.04653033125 0.404296875 0.0534237125 0.40625 0.05859375 0.4052734375 0.0689338234375 0.3955078125 0.0654871328125 0.3837890625 0.032743565625 0.37109375 0.0017233453124999999 0.37109375
5 0 0.4462890625 0.0051700375 0.44921875 0.031020220312500003 0.4482421875 0.04136029375 0.4404296875 0.04136029375 0.4345703125 0.0517003671875 0.4306640625 0.0517003671875 0.4267578125 0.027573529687499997 0.4150390625 0.0344669125 0.4091796875 0.0344669125 0.4052734375 0.029296875 0.40234375 0.025850184375 0.404296875 0 0.4072265625 0 0.4462890625
2 0.21024816249999997 0.3837890625 0.20680147031249999 0.3798828125 0.184397978125 0.369140625 0.1706112125 0.369140625 0.167164521875 0.3671875 0.125804228125 0.369140625 0.1120174625 0.375 0.0947840078125 0.37890625 0.0827205875 0.3896484375 0.0827205875 0.3955078125 0.091337315625 0.40234375 0.1223575375 0.400390625 0.125804228125 0.3984375 0.15337775781250002 0.400390625 0.1568244484375 0.40234375 0.16199448593750002 0.4013671875 0.1706112125 0.3984375 0.205078125 0.400390625 0.21024816249999997 0.3974609375 0.21024816249999997 0.3837890625
2 0.29296875 0.3798828125 0.28090533125 0.37109375 0.23954503749999997 0.37109375 0.2188648890625 0.380859375 0.21024816249999997 0.3876953125 0.21369485312499997 0.3955078125 0.2188648890625 0.3984375 0.22920496250000003 0.39453125 0.260225184375 0.396484375 0.263671875 0.3984375 0.2688419125 0.3974609375 0.2774586390625 0.392578125 0.2877987125 0.396484375 0.296415440625 0.3955078125 0.29296875 0.3798828125
2 0.3619025734375 0.3779296875 0.35328584531249996 0.373046875 0.3153722421875 0.373046875 0.296415440625 0.3818359375 0.296415440625 0.3876953125 0.301585478125 0.392578125 0.3153722421875 0.392578125 0.318818934375 0.39453125 0.325712315625 0.392578125 0.3412224265625 0.3935546875 0.3463924625 0.390625 0.35328584531249996 0.392578125 0.3619025734375 0.3916015625 0.3619025734375 0.3779296875