5 0.26539522031249996 0.4287109375 0.2688419125 0.4208984375 0.263671875 0.41796875 0.22920496250000003 0.421875 0.2240349265625 0.4267578125 0.230928309375 0.4345703125 0.22575827187500003 0.4375 0.208524815625 0.435546875 0.20335477968750001 0.4404296875 0.19301470625 0.4443359375 0.19818474218749998 0.44921875 0.22920496250000003 0.45703125 0.2585018375 0.4560546875 0.2688419125 0.4482421875 0.2688419125 0.4384765625 0.272288603125 0.4365234375 0.26539522031249996 0.4287109375
5 0.1654411765625 0.4287109375 0.15854779375 0.4189453125 0.15854779375 0.4111328125 0.16199448593750002 0.4091796875 0.16027113906249998 0.3984375 0.149931065625 0.3984375 0.137867646875 0.4052734375 0.1413143375 0.4111328125 0.13269761093750002 0.419921875 0.1154641546875 0.419921875 0.108570771875 0.421875 0.096507353125 0.4306640625 0.096507353125 0.4443359375 0.09995404375 0.4482421875 0.108570771875 0.453125 0.1189108453125 0.455078125 0.13442095625 0.4541015625 0.1516544125 0.4462890625 0.15854779375 0.4384765625 0.155101103125 0.4306640625 0.1654411765625 0.4287109375
2 0.167164521875 0.396484375 0.1775045953125 0.396484375 0.1861213234375 0.3876953125 0.16371783125 0.37890625 0.149931065625 0.37890625 0.146484375 0.376953125 0.10167738906249998 0.376953125 0.0741038609375 0.3828125 0.0637637875 0.388671875 0.0534237125 0.390625 0.04136029375 0.3994140625 0.04136029375 0.4091796875 0.049977021875 0.4140625 0.0637637875 0.4140625 0.07065716875 0.41015625 0.108570771875 0.41015625 0.1154641546875 0.4140625 0.1275275734375 0.4130859375 0.13442095625 0.4052734375 0.146484375 0.3984375 0.16371783125 0.39453125 0.167164521875 0.396484375
2 0 0.4072265625 0.013786764062500002 0.4072265625 0.01723345625 0.4052734375 0.01723345625 0.3994140625 0.027573529687499997 0.3916015625 0.031020220312500003 0.3857421875 0.029296875 0.380859375 0 0.3818359375 0 0.4072265625
2 0.330882353125 0.3916015625 0.3274356625 0.3876953125 0.3084788609375 0.376953125 0.2981387875 0.375 0.2567784921875 0.376953125 0.25160845625 0.3798828125 0.26539522031249996 0.3896484375 0.2688419125 0.4072265625 0.2860753671875 0.4072265625 0.29124540468750004 0.404296875 0.325712315625 0.40625 0.330882353125 0.4013671875 0.330882353125 0.3916015625
5 0.4497931984375 0.392578125 0.4446231625 0.3955078125 0.4446231625 0.4072265625 0.4532398890625 0.412109375 0.4635799625 0.41015625 0.47219669062499997 0.4111328125 0.4756433828125 0.4052734375 0.46875 0.3955078125 0.460133271875 0.392578125 0.4497931984375 0.392578125
5 0.5221737125 0.384765625 0.51528033125 0.384765625 0.5135569859375 0.3994140625 0.5170036765625 0.4013671875 0.5135569859375 0.4033203125 0.5221737125 0.408203125 0.5256204046875 0.40625 0.5342371328125 0.4072265625 0.5342371328125 0.4013671875 0.5376838234375 0.3994140625 0.5342371328125 0.3935546875 0.5221737125 0.384765625
6 0.653147978125 0.373046875 0.63246783125 0.369140625 0.6307444859375 0.3759765625 0.6376378671875 0.3798828125 0.6341911765625 0.3857421875 0.6376378671875 0.3916015625 0.6376378671875 0.4091796875 0.64453125 0.4150390625 0.64453125 0.4267578125 0.6410845593750001 0.4306640625 0.6548713234375 0.4306640625 0.6548713234375 0.4111328125 0.66176470625 0.4013671875 0.66176470625 0.3837890625 0.653147978125 0.373046875
2 0.43600643437500003 0.37890625 0.40843290468750004 0.37890625 0.3911994484375 0.38671875 0.38258272031249996 0.3935546875 0.3877527578125 0.40234375 0.39809283125 0.400390625 0.40843290468750004 0.400390625 0.41187959531249996 0.40234375 0.4342830875 0.4013671875 0.44117647031249996 0.3974609375 0.44117647031249996 0.3876953125 0.4446231625 0.3857421875 0.43600643437500003 0.37890625
4 0 0.43190518750000007 0.048195339062499995 0.4362912625 0.0939038921875 0.432303921875 0.10656166250000002 0.42233555312500004 0 0.419822775 0 0.43190518750000007
4 0.6410004921875 0.43389885 0.6381876531249999 0.42831658125 0.2813703046875 0.423828584375 0.2774414203125 0.43748746875 0.5748988421875 0.4474558609375 0.6410004921875 0.43389885
4 0 0.92600423125 0.72257270625 0.9993714562499999 0.7971128703125 1 0.8836075734375 0.460215365625 0.71343100625 0.45742421875000006 0.593182246875 0.451841925 0.49262335312500005 0.4721774109375 0 0.5946111953125001 0 0.92600423125
6 0.9409466906249999 0.3935546875 0.9478400734375001 0.3896484375 0.9478400734375001 0.3837890625 0.9306066171875 0.3720703125 0.9306066171875 0.3681640625 0.92543658125 0.365234375 0.916819853125 0.3740234375 0.916819853125 0.4013671875 0.92026654375 0.4033203125 0.916819853125 0.4052734375 0.916819853125 0.4326171875 0.9219898890625 0.4375 0.9340533093750001 0.4365234375 0.9340533093750001 0.4287109375 0.9375 0.4267578125 0.9375 0.3994140625 0.9409466906249999 0.3935546875