5 0.8857996328125 0.4990234375 0.8857996328125 0.4892578125 0.8806295953125 0.486328125 0.8651194859375 0.4833984375 0.8720128671875 0.4775390625 0.8720128671875 0.4716796875 0.8754595593750001 0.4697265625 0.8737362125000001 0.46484375 0.8599494484375001 0.46484375 0.8461626843750001 0.46875 0.828929228125 0.4765625 0.8134191171875 0.4873046875 0.8134191171875 0.4931640625 0.8099724265624999 0.4951171875 0.8134191171875 0.5009765625 0.8220358453125 0.505859375 0.840992646875 0.5048828125 0.840992646875 0.5029296875 0.849609375 0.5 0.8806295953125 0.50390625 0.8857996328125 0.4990234375
5 0.97886029375 0.4794921875 0.9823069859375 0.4775390625 0.9771369484375001 0.470703125 0.9426700374999999 0.47265625 0.9271599265624999 0.4794921875 0.928883271875 0.482421875 0.9116498156249999 0.484375 0.9064797796875 0.4873046875 0.9064797796875 0.5029296875 0.9150965078125 0.5078125 0.9323299625000001 0.5078125 0.9426700374999999 0.51171875 0.9616268375000001 0.5107421875 0.97886029375 0.5009765625 0.9857536765624999 0.4931640625 0.97886029375 0.4853515625 0.97886029375 0.4794921875
5 0.6514246328125 0.4794921875 0.6514246328125 0.4638671875 0.6583180140625 0.4599609375 0.65659466875 0.45703125 0.6393612125 0.458984375 0.6169577203125 0.4716796875 0.6169577203125 0.4755859375 0.606617646875 0.4853515625 0.606617646875 0.4892578125 0.615234375 0.49609375 0.64453125 0.4951171875 0.6514246328125 0.4912109375 0.6514246328125 0.4853515625 0.6548713234375 0.4833984375 0.6514246328125 0.4794921875
5 0.7375919125 0.4775390625 0.7341452203125 0.4755859375 0.7341452203125 0.4697265625 0.7375919125 0.4677734375 0.7289751843750001 0.462890625 0.6979549625 0.466796875 0.6721047796875 0.4775390625 0.6686580875 0.4814453125 0.6686580875 0.4931640625 0.673828125 0.49609375 0.6876148890625 0.494140625 0.69106158125 0.49609375 0.7014016546875 0.49609375 0.7082950375 0.5 0.7272518375 0.4990234375 0.7341452203125 0.4951171875 0.7341452203125 0.4892578125 0.7375919125 0.4873046875 0.7375919125 0.4775390625
5 0.7772288609375 0.458984375 0.76171875 0.4697265625 0.76171875 0.4814453125 0.7668887875 0.484375 0.7806755515625 0.484375 0.7944623156249999 0.48828125 0.8065257359375 0.4873046875 0.8134191171875 0.4833984375 0.8099724265624999 0.4638671875 0.8048023890625 0.4609375 0.7772288609375 0.458984375
2 0.9892003671875 0.4404296875 0.9805836390625 0.4375 0.9426700374999999 0.435546875 0.9409466906249999 0.4423828125 0.9512867640625 0.4482421875 0.95473345625 0.4580078125 0.9599034921875 0.4609375 0.9650735296875 0.4599609375 0.9978170953125 0.455078125 0.9995404406249999 0.4501953125 0.9926470593750001 0.4462890625 0.9892003671875 0.4404296875
2 0.8633961390625 0.455078125 0.86684283125 0.45703125 0.8840762874999999 0.45703125 0.887522978125 0.458984375 0.9047564343750001 0.45703125 0.916819853125 0.4501953125 0.9099264703125 0.4365234375 0.9047564343750001 0.43359375 0.9013097421875 0.435546875 0.8530560656249999 0.435546875 0.849609375 0.4375 0.8358226109375 0.4375 0.8254825374999999 0.44140625 0.7841222421875 0.44921875 0.77895220625 0.4521484375 0.77895220625 0.4560546875 0.7875689343750001 0.458984375 0.8013556984375001 0.458984375 0.8099724265624999 0.4638671875 0.8134191171875 0.4755859375 0.8185891546875 0.478515625 0.8237591906249999 0.4775390625 0.83237591875 0.4765625 0.8513327203125 0.4658203125 0.8513327203125 0.4599609375 0.8633961390625 0.455078125
2 0.4497931984375 0.44921875 0.4739200375 0.451171875 0.477366728125 0.44921875 0.4877068015625 0.44921875 0.4928768375 0.4462890625 0.4928768375 0.4404296875 0.4842601109375 0.435546875 0.4497931984375 0.435546875 0.44289981562499997 0.4375 0.4342830875 0.4423828125 0.4342830875 0.4482421875 0.44289981562499997 0.451171875 0.4497931984375 0.44921875
2 0.3739659921875 0.4375 0.355009190625 0.4443359375 0.3567325375 0.451171875 0.4032628671875 0.4501953125 0.41015625 0.4482421875 0.41015625 0.4423828125 0.401539521875 0.4375 0.3739659921875 0.4375
2 0.0017233453124999999 0.435546875 0 0.4697265625 0.0396369484375 0.470703125 0.0430836390625 0.47265625 0.05859375 0.4716796875 0.05859375 0.4560546875 0.04136029375 0.4423828125 0.0224034921875 0.435546875 0.0017233453124999999 0.435546875
4 0.202421940625 0.4541669328125 0.11145407031250001 0.4558109375 0.444519809375 0.465674990625 0.4909098046875 0.4617704765625 0.4890977046875 0.45766044375000003 0.202421940625 0.4541669328125
4 0.5050442375 0.471840025 0.40477747812500003 0.4661771375 0.0003624109375 0.4849920984375 0.0003624109375 0.5026651906249999 0.5050442375 0.471840025